# zlin
-4.379153489059999771e+01
-4.265409242590909145e+01
-4.151664996121817808e+01
-4.037920749652727181e+01
-3.924176503183636555e+01
-3.810432256714545218e+01
-3.696688010245454592e+01
-3.582943763776363255e+01
-3.469199517307272629e+01
-3.355455270838182003e+01
-3.241711024369090666e+01
-3.127966777900000039e+01
-3.014222531430909058e+01
-2.900478284961818076e+01
-2.786734038492727450e+01
-2.672989792023636468e+01
-2.559245545554545487e+01
-2.445501299085454505e+01
-2.331757052616363524e+01
-2.218012806147272897e+01
-2.104268559678181916e+01
-1.990524313209090934e+01
-1.876780066740000308e+01
-1.763035820270909326e+01
-1.649291573801818345e+01
-1.535547327332727363e+01
-1.421803080863636382e+01
-1.308058834394545755e+01
-1.194314587925454774e+01
-1.080570341456363792e+01
-9.668260949872731658e+00
-8.530818485181818289e+00
-7.393376020490912026e+00
-6.255933555800005763e+00
-5.118491091109092395e+00
-3.981048626418186132e+00
-2.843606161727272763e+00
-1.706163697036366500e+00
-5.687212323454602370e-01
5.687212323454531315e-01
1.706163697036359395e+00
2.843606161727265658e+00
3.981048626418179026e+00
5.118491091109085289e+00
6.255933555799991552e+00
7.393376020490904921e+00
8.530818485181811184e+00
9.668260949872724552e+00
1.080570341456363082e+01
1.194314587925453708e+01
1.308058834394545045e+01
1.421803080863635671e+01
1.535547327332727008e+01
1.649291573801817634e+01
1.763035820270908260e+01
1.876780066739999597e+01
1.990524313209090224e+01
2.104268559678181560e+01
2.218012806147272187e+01
2.331757052616362813e+01
2.445501299085453439e+01
2.559245545554544066e+01
2.672989792023636113e+01
2.786734038492726739e+01
2.900478284961817366e+01
3.014222531430907992e+01
3.127966777899998618e+01
3.241711024369090666e+01
3.355455270838181292e+01
3.469199517307271918e+01
3.582943763776362545e+01
3.696688010245453171e+01
3.810432256714545218e+01
3.924176503183635845e+01
4.037920749652726471e+01
4.151664996121817097e+01
4.265409242590907724e+01
