# xlin
-2.036730000000000018e+01
-1.920382753623188421e+01
-1.804035507246376824e+01
-1.687688260869565227e+01
-1.571341014492753629e+01
-1.454993768115942032e+01
-1.338646521739130613e+01
-1.222299275362319015e+01
-1.105952028985507418e+01
-9.896047826086958210e+00
-8.732575362318842238e+00
-7.569102898550726266e+00
-6.405630434782612070e+00
-5.242157971014496098e+00
-4.078685507246380126e+00
-2.915213043478264154e+00
-1.751740579710148182e+00
-5.882681159420322103e-01
5.752043478260837617e-01
1.738676811594199734e+00
2.902149275362315706e+00
4.065621739130431678e+00
5.229094202898547650e+00
6.392566666666663622e+00
7.556039130434776041e+00
8.719511594202892013e+00
9.882984057971007985e+00
1.104645652173912396e+01
1.220992898550723993e+01
1.337340144927535590e+01
1.453687391304347187e+01
1.570034637681158785e+01
1.686381884057970382e+01
1.802729130434781979e+01
1.919076376811593576e+01
2.035423623188405173e+01
2.151770869565216771e+01
2.268118115942028368e+01
2.384465362318839965e+01
2.500812608695651562e+01
2.617159855072463159e+01
2.733507101449274757e+01
2.849854347826086354e+01
2.966201594202897951e+01
3.082548840579709548e+01
3.198896086956521145e+01
3.315243333333332743e+01
3.431590579710144340e+01
3.547937826086955226e+01
3.664285072463766824e+01
3.780632318840578421e+01
3.896979565217390018e+01
4.013326811594201615e+01
4.129674057971013212e+01
4.246021304347824810e+01
4.362368550724636407e+01
4.478715797101448004e+01
4.595063043478259601e+01
4.711410289855071198e+01
4.827757536231882796e+01
4.944104782608694393e+01
5.060452028985505990e+01
5.176799275362317587e+01
5.293146521739129184e+01
5.409493768115940782e+01
5.525841014492752379e+01
5.642188260869563976e+01
5.758535507246375573e+01
5.874882753623187170e+01
