# Strain	D2minStd
9.999999908657029694e-04 7.861834788495533077e-01
1.999999981731405939e-03 8.016689645613884752e-01
2.999999972597108908e-03 8.412185909074920698e-01
3.999999963462811878e-03 8.289620279044627171e-01
4.999999954328515281e-03 8.944760560026784324e-01
5.999999945194217817e-03 8.980959626532756257e-01
6.999999936059921220e-03 8.994382833674013922e-01
7.999999926925625490e-03 9.119913596851838555e-01
8.999999917791327159e-03 9.270466784876383315e-01
9.999999908657030562e-03 9.658768589913836466e-01
1.099999989952273396e-02 9.806099037383079198e-01
1.199999989038843563e-02 9.137655114092367858e-01
1.299999988125413904e-02 9.492169322610681803e-01
1.399999987211984244e-02 9.388753446761797239e-01
1.499999986298554584e-02 9.767397186236589368e-01
1.599999985385125098e-02 9.615335945117834404e-01
1.699999984471695091e-02 9.518619877797367401e-01
1.799999983558265432e-02 9.609962349712358742e-01
1.899999982644835772e-02 9.986497440920135693e-01
1.999999981731406459e-02 9.608078735997912512e-01
2.099999980817976453e-02 1.007572340186227766e+00
2.199999979904546793e-02 9.909726019693791965e-01
2.299999864812405856e-02 1.005031446638021908e+00
2.400000092256399098e-02 1.019713285431027128e+00
2.499999862985545843e-02 1.005988174623991371e+00
2.599999976250827807e-02 1.054475864506567051e+00
2.699999861158686523e-02 1.027942025440826024e+00
2.799999974423968488e-02 1.057144305862572242e+00
2.899999859331826857e-02 1.075312190265973911e+00
2.999999972597109169e-02 1.110535792738045036e+00
3.100000085862390786e-02 1.097113885564229951e+00
3.199999970770249502e-02 1.125079147291843995e+00
3.300000198214243785e-02 1.127355452024106031e+00
3.399999968943390183e-02 1.154195447022753340e+00
3.500000082208672147e-02 1.174986391043572942e+00
3.599999967116531557e-02 1.126405441468424140e+00
3.700000080381812134e-02 1.147467113736427846e+00
3.799999965289671544e-02 1.150477447950891907e+00
3.900000078554953509e-02 1.158087079949934317e+00
3.999999849284100600e-02 1.151788582126637372e+00
4.100000076728093495e-02 1.193628376634621402e+00
4.199999847457241281e-02 1.265468041112258302e+00
4.299999960722523246e-02 1.280626029649782005e+00
4.399999959809093586e-02 1.282175545008916950e+00
4.499999958895663232e-02 1.283014092056977473e+00
4.599999843803521948e-02 1.306913998695888868e+00
4.699999957068804607e-02 1.313980470572024162e+00
4.800000070334085878e-02 1.317083717951976762e+00
4.900000183599367148e-02 1.319154751469381326e+00
4.999999840149804003e-02 1.312858344602781724e+00
5.099999953415085274e-02 1.330306317632334423e+00
5.200000066680367239e-02 1.327586349845857105e+00
5.300000179945649204e-02 1.362252154017544958e+00
5.399999722317373047e-02 1.335194385358787539e+00
5.499999949761366635e-02 1.366963078159017630e+00
5.599999948847936976e-02 1.404326093189162350e+00
5.700000176291930565e-02 1.418606008034601240e+00
5.799999718663655102e-02 1.420778093996647451e+00
5.899999831928937066e-02 1.423256453582157910e+00
5.999999945194219725e-02 1.435388887288154169e+00
6.100000058459500302e-02 1.419402467187625971e+00
6.200000285903493197e-02 1.434057229035309966e+00
6.299999828275217040e-02 1.464168643272845127e+00
6.399999941540499004e-02 1.458207457991909539e+00
6.500000054805780969e-02 1.485210856886199027e+00
6.600000168071061546e-02 1.495086080909273862e+00
6.699999710442788858e-02 1.488366639643800671e+00
6.799999937886781753e-02 1.493918293590001056e+00
6.900000051152062330e-02 1.514673577068824217e+00
7.000000164417342907e-02 1.550476785052733453e+00
7.099999706789068832e-02 1.582915447447497570e+00
7.199999820054349409e-02 1.561673641221572595e+00
7.299999933319632761e-02 1.609914598303298972e+00
7.400000160763625656e-02 1.584918391503299384e+00
7.499999703135348805e-02 1.598311314633829472e+00
7.599999816400632158e-02 1.623136911977064001e+00
7.699999929665914122e-02 1.623323988868825785e+00
7.800000042931194699e-02 1.647372362082567765e+00
7.900000156196476664e-02 1.621924883534766160e+00
7.999999698568201201e-02 1.682251605363758840e+00
8.099999926012195484e-02 1.675953150169848582e+00
8.200000039277477448e-02 1.675997012782115991e+00
8.300000152542758025e-02 1.670004197444021399e+00
8.399999694914482562e-02 1.669584609817751142e+00
8.499999922358475457e-02 1.665641889851280144e+00
8.600000035623757422e-02 1.655771851181754961e+00
8.700000148889039386e-02 1.644152019324657710e+00
8.799999691260763923e-02 1.656474163173903280e+00
8.899999804526045888e-02 1.637343239104359638e+00
8.999999917791329240e-02 1.629725605665389043e+00
9.100000145235320748e-02 1.628777383829110859e+00
9.199999687607043897e-02 1.620019871453425964e+00
9.300000257587172359e-02 1.615539544357447843e+00
9.399999914137609214e-02 1.653009285995154620e+00
9.499999456509333751e-02 1.647180511902894606e+00
9.600000140668171755e-02 1.643763428256504566e+00
9.699999797218607223e-02 1.635688977758318119e+00
9.800000367198734297e-02 1.636611917473193234e+00
9.900000023749172540e-02 1.628003395870401659e+00
9.999999566120897077e-02 1.614304394739225712e+00
1.010000036445844601e-01 1.603221926268916464e+00
1.019999990683017055e-01 1.613225195380022958e+00
1.029999933502318415e-01 1.600004000782719649e+00
1.040000001918202216e-01 1.582726697839725194e+00
1.049999967573245901e-01 1.581174590294491811e+00
1.060000035989129841e-01 1.580958999486659522e+00
1.069999990226302156e-01 1.575229299285894502e+00
1.079999955881345980e-01 1.602984226850644900e+00
1.090000012879358687e-01 1.602038745795485220e+00
1.099999978534402234e-01 1.581756862840744571e+00
1.110000046950286035e-01 1.583225340650083135e+00
1.120000001187458488e-01 1.583893414066841920e+00
1.129999966842502174e-01 1.569341020143325105e+00
1.140000035258386113e-01 1.564366259430419070e+00
1.149999978077687474e-01 1.559884634910656986e+00
1.159999943732731020e-01 1.570381221457059828e+00
1.170000012148614821e-01 1.577802281974973075e+00
1.179999966385787274e-01 1.560942188347649306e+00
1.190000034801671075e-01 1.545332622511751852e+00
1.199999989038843667e-01 1.552813161004716003e+00
1.209999954693887214e-01 1.543890165517985080e+00
1.220000023109771015e-01 1.535208157872435475e+00
1.229999977346943468e-01 1.533789089777275017e+00
1.240000057180698639e-01 1.536208772594797489e+00
1.250000011417871093e-01 1.535260614594748940e+00
1.259999954237172315e-01 1.532850386923521491e+00
1.270000022653056393e-01 1.520568293061890230e+00
1.279999988308099801e-01 1.535383110268344176e+00
1.289999942545272116e-01 1.540527771945556346e+00
1.300000010961156194e-01 1.538710050672584595e+00
1.309999965198328786e-01 1.539089244708078619e+00
1.320000033614212587e-01 1.542265194503796177e+00
1.329999999269255995e-01 1.540652458332828489e+00
1.339999953506428865e-01 1.532344767195883861e+00
1.350000021922312665e-01 1.531898579430772678e+00
1.359999987577356073e-01 1.527859182934583337e+00
1.370000055993240151e-01 1.543021185331889367e+00
1.379999998812541373e-01 1.546099100720833786e+00
1.389999953049713688e-01 1.541352363672392478e+00
1.400000021465597766e-01 1.550473049072851106e+00
1.409999987120641174e-01 1.550331433082505317e+00
1.419999941357813766e-01 1.550262025390167331e+00
1.430000009773697567e-01 1.547742862346731973e+00
1.439999964010869882e-01 1.551789857568214970e+00
1.450000032426754237e-01 1.549031688489282743e+00
1.459999998081797645e-01 1.561064394980149483e+00
1.469999963736840776e-01 1.569399156797350203e+00
1.480000032152725131e-01 1.563959764739140113e+00
1.489999974972026353e-01 1.563529080878707678e+00
1.499999929209198668e-01 1.558812966715931392e+00
1.509999997625082746e-01 1.557345347791746049e+00
1.519999963280126154e-01 1.568521997086261388e+00
1.530000031696010232e-01 1.566071087181674759e+00
1.539999985933182824e-01 1.570536354685556191e+00
1.549999940170355139e-01 1.561470254559495618e+00
1.560000008586238940e-01 1.565886660186791790e+00
1.569999974241282625e-01 1.569712897204694313e+00
1.580000042657166703e-01 1.576696827342046969e+00
1.590000008312210111e-01 1.577579086293576349e+00
1.599999951131511611e-01 1.575741408483841033e+00
1.610000019547395134e-01 1.579671559726978369e+00
1.619999973784567726e-01 1.578823729203413295e+00
1.629999939439611412e-01 1.578285810762764863e+00
1.640000007855495212e-01 1.575101790663109735e+00
1.649999962092667805e-01 1.576677091192714597e+00
1.660000030508551605e-01 1.573313469564042055e+00
1.669999984745724197e-01 1.569496153515784309e+00
1.679999950400767328e-01 1.582696616697404135e+00
1.690000007398780313e-01 1.581059217034536557e+00
1.699999984471695091e-01 1.577644683672941195e+00
1.710000030051836706e-01 1.575621052711754899e+00
1.719999995706880391e-01 1.577183456157827290e+00
1.729999949944052706e-01 1.573544928376758412e+00
1.740000018359936784e-01 1.575554621775441477e+00
1.749999972597109099e-01 1.565660170769849202e+00
1.759999938252152785e-01 1.558914481827054166e+00
1.770000006668036585e-01 1.556905477734031651e+00
1.779999960905209178e-01 1.554553644216088548e+00
1.790000029321093256e-01 1.555105774895755744e+00
1.799999983558265571e-01 1.556991191327512958e+00
1.809999960631180072e-01 1.552393092408957509e+00
1.820000006211321963e-01 1.557813370700087408e+00
1.829999971866365649e-01 1.552080544096960280e+00
1.839999926103537964e-01 1.546442539336849276e+00
1.849999880340710556e-01 1.546969075193505239e+00
1.860000062935305565e-01 1.544773242603122210e+00
1.870000017172478157e-01 1.543348557026393397e+00
1.879999982827521843e-01 1.547588447658428734e+00
1.889999937064694435e-01 1.539419364015816694e+00
1.899999891301866750e-01 1.540096387100686748e+00
1.910000073896462036e-01 1.535934108129721309e+00
1.920000028133634351e-01 1.532910785613824878e+00
1.929999982370806944e-01 1.536873230776539589e+00
1.939999959443721445e-01 1.527949233555727648e+00
1.949999902263022944e-01 1.525196110527281990e+00
1.960000084857618230e-01 1.532161548421851371e+00
1.970000039094790822e-01 1.537735868536630912e+00
1.979999993331963137e-01 1.533404519724890891e+00
1.989999958987006823e-01 1.537259791332908021e+00
1.999999913224179415e-01 1.532418465498440963e+00
