# zlin
-4.359180819880000257e+01
-4.245955344038961243e+01
-4.132729868197922229e+01
-4.019504392356883216e+01
-3.906278916515844202e+01
-3.793053440674805188e+01
-3.679827964833766174e+01
-3.566602488992727160e+01
-3.453377013151688857e+01
-3.340151537310649132e+01
-3.226926061469610829e+01
-3.113700585628571815e+01
-3.000475109787532801e+01
-2.887249633946493788e+01
-2.774024158105454774e+01
-2.660798682264415760e+01
-2.547573206423376746e+01
-2.434347730582337732e+01
-2.321122254741298718e+01
-2.207896778900259704e+01
-2.094671303059220691e+01
-1.981445827218182032e+01
-1.868220351377143018e+01
-1.754994875536104004e+01
-1.641769399695064990e+01
-1.528543923854025977e+01
-1.415318448012986963e+01
-1.302092972171947949e+01
-1.188867496330909290e+01
-1.075642020489870276e+01
-9.624165446488312625e+00
-8.491910688077922487e+00
-7.359655929667532348e+00
-6.227401171257142209e+00
-5.095146412846752071e+00
-3.962891654436361932e+00
-2.830636896025971794e+00
-1.698382137615581655e+00
-5.661273792051915166e-01
5.661273792051986220e-01
1.698382137615588761e+00
2.830636896025971794e+00
3.962891654436361932e+00
5.095146412846752071e+00
6.227401171257142209e+00
7.359655929667532348e+00
8.491910688077922487e+00
9.624165446488312625e+00
1.075642020489870276e+01
1.188867496330909290e+01
1.302092972171948304e+01
1.415318448012987318e+01
1.528543923854026332e+01
1.641769399695065346e+01
1.754994875536104360e+01
1.868220351377143373e+01
1.981445827218181677e+01
2.094671303059221401e+01
2.207896778900259704e+01
2.321122254741299429e+01
2.434347730582337732e+01
2.547573206423377457e+01
2.660798682264415760e+01
2.774024158105455484e+01
2.887249633946493788e+01
3.000475109787532091e+01
3.113700585628571815e+01
3.226926061469610119e+01
3.340151537310649843e+01
3.453377013151688146e+01
3.566602488992727871e+01
3.679827964833766174e+01
3.793053440674805898e+01
3.906278916515844202e+01
4.019504392356883926e+01
4.132729868197922229e+01
4.245955344038961954e+01
