# Strain,n0,n1,n2,n3,n4
0.0 50259.0 10.0 41.0 7.0 371.0
0.000999999999999931 50233.0 7.0 43.0 5.0 400.0
0.0020000000000000256 50241.0 10.0 36.0 10.0 391.0
0.0029999999999999567 50250.0 7.0 41.0 7.0 383.0
0.004000000000000051 50222.0 11.0 48.0 4.0 403.0
0.004999999999999982 50235.0 11.0 41.0 5.0 396.0
0.0060000000000000765 50249.0 13.0 38.0 8.0 380.0
0.007000000000000008 50241.0 9.0 50.0 4.0 384.0
0.007999999999999938 50242.0 9.0 38.0 4.0 395.0
0.009000000000000032 50244.0 8.0 37.0 5.0 394.0
0.009999999999999964 50257.0 14.0 43.0 4.0 370.0
0.011000000000000058 50290.0 11.0 39.0 5.0 343.0
0.01199999999999999 50244.0 9.0 35.0 8.0 392.0
0.012999999999999921 50256.0 6.0 42.0 6.0 378.0
0.014000000000000016 50271.0 11.0 38.0 4.0 364.0
0.014999999999999946 50259.0 11.0 34.0 9.0 375.0
0.016000000000000042 50225.0 11.0 28.0 3.0 421.0
0.01699999999999997 50275.0 9.0 37.0 9.0 358.0
0.018000000000000065 50275.0 9.0 31.0 8.0 365.0
0.019 50285.0 12.0 40.0 6.0 345.0
0.019999999999999928 50264.0 11.0 43.0 8.0 362.0
0.021000000000000022 50245.0 13.0 37.0 8.0 385.0
0.02199999999999995 50261.0 8.0 36.0 8.0 375.0
0.023000000000000048 50265.0 12.0 38.0 6.0 367.0
0.02399999999999998 50265.0 14.0 42.0 5.0 362.0
0.025000000000000074 50248.0 9.0 32.0 6.0 393.0
0.026000000000000006 50262.0 7.0 35.0 6.0 378.0
0.026999999999999937 50254.0 12.0 34.0 5.0 383.0
0.028000000000000032 50287.0 13.0 27.0 7.0 354.0
0.02899999999999996 50251.0 11.0 37.0 8.0 381.0
0.03000000000000006 50262.0 14.0 33.0 4.0 375.0
0.030999999999999986 50294.0 9.0 39.0 4.0 342.0
0.032000000000000084 50302.0 11.0 26.0 4.0 345.0
0.03300000000000001 50278.0 10.0 31.0 7.0 362.0
0.03399999999999994 50278.0 11.0 33.0 12.0 354.0
0.03500000000000004 50308.0 11.0 31.0 3.0 335.0
0.03599999999999997 50301.0 11.0 44.0 2.0 330.0
0.03700000000000006 50258.0 12.0 38.0 3.0 377.0
0.038 50254.0 11.0 36.0 9.0 378.0
0.03900000000000009 50276.0 12.0 37.0 5.0 358.0
0.04000000000000002 50293.0 15.0 39.0 5.0 336.0
0.04099999999999995 50293.0 5.0 29.0 3.0 358.0
0.042000000000000044 50264.0 10.0 30.0 4.0 380.0
0.042999999999999976 50307.0 7.0 33.0 8.0 333.0
0.044000000000000074 50288.0 7.0 34.0 10.0 349.0
0.045 50292.0 10.0 35.0 8.0 343.0
0.04599999999999993 50283.0 12.0 35.0 9.0 349.0
0.04700000000000003 50292.0 11.0 28.0 3.0 354.0
0.04799999999999996 50266.0 9.0 33.0 7.0 373.0
0.04900000000000005 50244.0 12.0 32.0 6.0 394.0
0.04999999999999998 50267.0 9.0 31.0 13.0 368.0
0.05100000000000008 50286.0 11.0 31.0 10.0 350.0
0.05200000000000001 50264.0 11.0 36.0 12.0 365.0
0.05299999999999994 50262.0 10.0 37.0 7.0 372.0
0.054000000000000034 50259.0 10.0 35.0 8.0 376.0
0.054999999999999966 50311.0 10.0 36.0 6.0 325.0
0.056000000000000064 50323.0 10.0 27.0 4.0 324.0
0.05699999999999999 50316.0 9.0 24.0 4.0 335.0
0.05799999999999992 50312.0 10.0 27.0 8.0 331.0
0.05900000000000002 50289.0 13.0 42.0 5.0 339.0
0.05999999999999995 50313.0 13.0 26.0 8.0 328.0
0.061000000000000054 50273.0 16.0 35.0 12.0 352.0
0.06199999999999997 50293.0 10.0 39.0 9.0 337.0
0.06300000000000007 50287.0 13.0 36.0 4.0 348.0
0.064 50305.0 10.0 32.0 9.0 332.0
0.06499999999999993 50302.0 11.0 36.0 6.0 333.0
0.06600000000000002 50336.0 8.0 27.0 4.0 313.0
0.06699999999999995 50313.0 12.0 34.0 6.0 323.0
0.06800000000000005 50320.0 10.0 28.0 7.0 323.0
0.06899999999999998 50292.0 8.0 36.0 7.0 345.0
0.07000000000000008 50309.0 9.0 35.0 8.0 327.0
0.07100000000000002 50326.0 14.0 31.0 9.0 308.0
0.07199999999999994 50312.0 12.0 25.0 8.0 331.0
0.07300000000000004 50317.0 13.0 34.0 6.0 318.0
0.07399999999999997 50324.0 8.0 35.0 5.0 316.0
0.07500000000000005 50303.0 7.0 31.0 6.0 341.0
0.076 50324.0 11.0 32.0 7.0 314.0
0.07700000000000008 50329.0 8.0 34.0 8.0 309.0
0.07800000000000001 50320.0 10.0 25.0 11.0 322.0
0.07899999999999995 50318.0 8.0 34.0 9.0 319.0
0.08000000000000004 50337.0 10.0 27.0 6.0 308.0
0.08099999999999997 50315.0 9.0 31.0 7.0 326.0
0.08200000000000006 50307.0 8.0 31.0 5.0 337.0
0.08299999999999999 50301.0 14.0 32.0 9.0 332.0
0.08400000000000009 50337.0 6.0 29.0 5.0 311.0
0.08500000000000002 50355.0 6.0 30.0 7.0 290.0
0.08599999999999995 50343.0 7.0 28.0 8.0 302.0
0.08700000000000004 50332.0 9.0 31.0 8.0 308.0
0.08799999999999998 50352.0 9.0 32.0 10.0 285.0
0.08900000000000008 50336.0 5.0 30.0 7.0 310.0
0.09 50332.0 6.0 27.0 3.0 320.0
0.09099999999999994 50330.0 9.0 33.0 8.0 308.0
0.09200000000000003 50353.0 4.0 38.0 5.0 288.0
0.09299999999999996 50382.0 8.0 30.0 4.0 264.0
0.09400000000000006 50327.0 7.0 35.0 12.0 307.0
0.09499999999999999 50345.0 8.0 31.0 11.0 293.0
0.09599999999999992 50345.0 4.0 30.0 4.0 305.0
0.09700000000000002 50368.0 10.0 30.0 6.0 274.0
0.09799999999999995 50366.0 8.0 30.0 6.0 278.0
0.09900000000000003 50372.0 7.0 27.0 5.0 277.0
0.09999999999999996 50357.0 6.0 32.0 3.0 290.0
0.10100000000000006 50343.0 7.0 26.0 7.0 305.0
0.102 50375.0 6.0 29.0 4.0 274.0
0.10299999999999992 50348.0 11.0 25.0 5.0 299.0
0.10400000000000002 50370.0 10.0 30.0 5.0 273.0
0.10499999999999995 50372.0 11.0 34.0 1.0 270.0
0.10600000000000004 50356.0 8.0 29.0 3.0 292.0
0.10699999999999997 50353.0 8.0 23.0 4.0 300.0
0.10800000000000007 50342.0 10.0 30.0 4.0 302.0
0.109 50356.0 5.0 30.0 5.0 292.0
0.10999999999999993 50353.0 8.0 27.0 6.0 294.0
0.11100000000000003 50367.0 7.0 23.0 5.0 286.0
0.11199999999999996 50380.0 9.0 27.0 4.0 268.0
0.11300000000000004 50374.0 8.0 29.0 9.0 268.0
0.11399999999999998 50340.0 11.0 34.0 7.0 296.0
0.11500000000000007 50355.0 5.0 28.0 5.0 295.0
0.116 50400.0 7.0 24.0 8.0 249.0
0.11699999999999994 50366.0 12.0 34.0 5.0 271.0
0.11800000000000004 50372.0 6.0 33.0 5.0 272.0
0.11899999999999997 50368.0 6.0 32.0 7.0 275.0
0.12000000000000006 50362.0 5.0 29.0 5.0 287.0
0.12100000000000001 50349.0 7.0 33.0 8.0 291.0
0.12200000000000008 50384.0 7.0 31.0 4.0 262.0
0.12300000000000001 50356.0 5.0 27.0 5.0 295.0
0.12399999999999994 50383.0 7.0 31.0 6.0 261.0
0.12500000000000003 50405.0 7.0 32.0 5.0 239.0
0.12599999999999997 50375.0 3.0 32.0 7.0 271.0
0.12700000000000009 50417.0 3.0 33.0 4.0 231.0
0.128 50383.0 4.0 41.0 1.0 259.0
0.1290000000000001 50379.0 1.0 41.0 6.0 261.0
0.13000000000000003 50375.0 3.0 37.0 8.0 265.0
0.13099999999999998 50364.0 6.0 45.0 9.0 264.0
0.13200000000000003 50418.0 4.0 36.0 5.0 225.0
0.13299999999999998 50380.0 3.0 41.0 11.0 253.0
0.13400000000000006 50382.0 3.0 44.0 3.0 256.0
0.135 50397.0 1.0 44.0 2.0 244.0
0.1360000000000001 50393.0 5.0 44.0 5.0 241.0
0.13700000000000004 50390.0 6.0 36.0 3.0 253.0
0.13799999999999996 50405.0 3.0 43.0 2.0 235.0
0.13900000000000007 50413.0 4.0 36.0 5.0 230.0
0.13999999999999999 50405.0 2.0 39.0 3.0 239.0
0.14099999999999993 50383.0 2.0 43.0 1.0 259.0
0.14200000000000004 50389.0 4.0 42.0 5.0 248.0
0.14299999999999993 50391.0 4.0 43.0 1.0 249.0
0.14400000000000004 50350.0 1.0 41.0 6.0 290.0
0.14499999999999996 50380.0 4.0 44.0 2.0 258.0
0.14600000000000007 50368.0 8.0 50.0 8.0 254.0
0.14700000000000002 50382.0 7.0 46.0 5.0 248.0
0.14799999999999994 50408.0 8.0 43.0 6.0 223.0
0.14900000000000002 50390.0 5.0 41.0 3.0 249.0
0.14999999999999994 50385.0 6.0 52.0 4.0 241.0
0.15100000000000005 50394.0 4.0 49.0 2.0 239.0
0.152 50400.0 5.0 52.0 4.0 227.0
0.15300000000000005 50381.0 6.0 49.0 1.0 251.0
0.154 50380.0 4.0 51.0 6.0 247.0
0.15499999999999994 50407.0 4.0 44.0 3.0 230.0
0.15600000000000003 50381.0 6.0 42.0 3.0 256.0
0.15699999999999997 50385.0 7.0 42.0 6.0 248.0
0.15800000000000006 50392.0 5.0 48.0 4.0 239.0
0.15899999999999997 50376.0 3.0 45.0 7.0 257.0
0.1600000000000001 50368.0 7.0 50.0 7.0 256.0
0.161 50372.0 6.0 47.0 5.0 258.0
0.16199999999999995 50369.0 6.0 51.0 6.0 256.0
0.16300000000000006 50398.0 3.0 44.0 5.0 238.0
0.16399999999999998 50377.0 6.0 53.0 6.0 246.0
0.16500000000000006 50379.0 6.0 41.0 4.0 258.0
0.16599999999999998 50382.0 7.0 42.0 7.0 250.0
0.1670000000000001 50400.0 6.0 48.0 4.0 230.0
0.168 50384.0 8.0 44.0 6.0 246.0
0.16899999999999996 50381.0 13.0 39.0 4.0 251.0
0.17000000000000004 50384.0 11.0 49.0 6.0 238.0
0.17099999999999999 50385.0 6.0 39.0 3.0 255.0
0.17200000000000007 50381.0 8.0 38.0 6.0 255.0
0.17300000000000001 50394.0 10.0 43.0 8.0 233.0
0.17400000000000007 50391.0 5.0 40.0 8.0 244.0
0.17500000000000002 50385.0 4.0 40.0 7.0 252.0
0.17599999999999996 50409.0 7.0 47.0 5.0 220.0
0.17700000000000005 50376.0 5.0 41.0 11.0 255.0
0.178 50372.0 9.0 47.0 10.0 250.0
0.17900000000000008 50419.0 4.0 49.0 9.0 207.0
0.18 50403.0 6.0 38.0 7.0 234.0
0.18100000000000005 50405.0 4.0 41.0 4.0 234.0
0.18200000000000002 50392.0 5.0 50.0 5.0 236.0
0.18300000000000005 50399.0 6.0 47.0 8.0 228.0
0.18400000000000008 50390.0 6.0 53.0 8.0 231.0
0.185 50367.0 7.0 49.0 6.0 259.0
0.18600000000000008 50386.0 9.0 49.0 1.0 243.0
0.18700000000000003 50371.0 5.0 47.0 9.0 256.0
0.18799999999999994 50390.0 1.0 50.0 4.0 243.0
0.18900000000000003 50407.0 7.0 40.0 6.0 228.0
0.18999999999999997 50380.0 5.0 48.0 8.0 247.0
0.19100000000000006 50405.0 11.0 41.0 7.0 224.0
0.192 50397.0 7.0 46.0 14.0 224.0
0.193 50393.0 11.0 44.0 8.0 232.0
0.19400000000000003 50409.0 3.0 51.0 7.0 218.0
0.19499999999999995 50389.0 8.0 43.0 5.0 243.0
0.19600000000000004 50401.0 7.0 46.0 9.0 225.0
0.19699999999999998 50391.0 6.0 50.0 7.0 234.0
0.19800000000000006 50401.0 15.0 50.0 6.0 216.0
0.199 50398.0 8.0 45.0 10.0 227.0
0.2 50378.0 11.0 42.0 11.0 246.0
