# Strain,n0,n1,n2,n3,n4
0.0 50331.0 0.0 14.0 11.0 332.0
0.0009999998989706589 50346.0 3.0 6.0 11.0 322.0
0.0019999997979413178 50353.0 0.0 13.0 11.0 311.0
0.0029999996969119766 50340.0 2.0 7.0 13.0 326.0
0.00400000074394333 50321.0 2.0 14.0 9.0 342.0
0.005000000642913989 50295.0 1.0 21.0 18.0 353.0
0.006000000541884648 50308.0 1.0 14.0 13.0 352.0
0.007000000440855306 50306.0 1.0 17.0 13.0 351.0
0.008000000339825966 50334.0 0.0 11.0 6.0 337.0
0.009000000238796624 50347.0 1.0 12.0 13.0 315.0
0.010000001285827977 50296.0 1.0 13.0 17.0 361.0
0.011000001184798637 50327.0 2.0 13.0 14.0 332.0
0.011999999935708602 50309.0 3.0 22.0 11.0 343.0
0.013000000982739955 50355.0 1.0 11.0 11.0 310.0
0.013999999733649918 50344.0 1.0 18.0 11.0 314.0
0.01499999963262058 50336.0 2.0 11.0 13.0 326.0
0.016000000679651932 50345.0 3.0 11.0 14.0 315.0
0.017000000578622592 50318.0 1.0 7.0 13.0 349.0
0.018000001625653943 50311.0 2.0 13.0 12.0 350.0
0.019000000376563908 50340.0 1.0 17.0 13.0 317.0
0.020000000275534568 50320.0 1.0 20.0 13.0 334.0
0.021000001322565923 50322.0 2.0 11.0 13.0 340.0
0.022000000073475884 50324.0 2.0 14.0 15.0 333.0
0.022999999972446544 50346.0 1.0 13.0 14.0 314.0
0.023999999871417203 50314.0 1.0 15.0 12.0 346.0
0.02500000206650925 50316.0 2.0 9.0 13.0 348.0
0.026000000817419218 50320.0 1.0 19.0 16.0 332.0
0.027000000716389874 50301.0 1.0 18.0 15.0 353.0
0.028000000615360534 50301.0 3.0 9.0 16.0 359.0
0.02900000051433119 50297.0 1.0 9.0 12.0 369.0
0.02999999926524116 50349.0 2.0 16.0 9.0 312.0
0.031000001460333205 50334.0 3.0 9.0 14.0 328.0
0.032000001359303865 50338.0 2.0 10.0 9.0 329.0
0.03300000125827452 50325.0 4.0 12.0 15.0 332.0
0.034000001157245184 50348.0 1.0 11.0 13.0 315.0
0.034999999908155145 50320.0 3.0 10.0 16.0 339.0
0.0360000021032472 50330.0 2.0 16.0 15.0 325.0
0.037000002002217855 50329.0 5.0 16.0 13.0 325.0
0.038000000753127816 50354.0 3.0 14.0 14.0 303.0
0.03900000065209847 50335.0 4.0 15.0 20.0 314.0
0.040000000551069136 50327.0 2.0 15.0 15.0 329.0
0.0409999993019791 50326.0 1.0 13.0 16.0 332.0
0.04200000149707114 50325.0 3.0 12.0 17.0 331.0
0.043000001396041806 50338.0 3.0 13.0 13.0 321.0
0.04400000129501247 50361.0 1.0 12.0 18.0 296.0
0.04500000004592243 50342.0 3.0 17.0 11.0 315.0
0.04599999994489309 50316.0 1.0 16.0 13.0 342.0
0.04699999984386374 50322.0 4.0 13.0 18.0 331.0
0.04799999859477371 50342.0 4.0 23.0 12.0 307.0
0.04899999849374437 50331.0 2.0 18.0 10.0 327.0
0.05000000298495781 50332.0 3.0 14.0 16.0 323.0
0.05100000288392846 50306.0 2.0 21.0 16.0 343.0
0.052000002782899124 50297.0 2.0 22.0 9.0 358.0
0.05300000268186979 50339.0 4.0 21.0 17.0 307.0
0.05400000143277975 50343.0 3.0 21.0 12.0 309.0
0.055000001331750405 50332.0 4.0 27.0 14.0 311.0
0.05600000123072107 50325.0 5.0 24.0 15.0 319.0
0.05700000112969173 50360.0 4.0 23.0 10.0 291.0
0.05799999988060169 50337.0 4.0 21.0 13.0 313.0
0.05899999863151165 50351.0 4.0 25.0 11.0 297.0
0.05999999853048232 50337.0 10.0 27.0 16.0 298.0
0.061000004169756435 50335.0 5.0 30.0 11.0 307.0
0.06200000292066641 50327.0 9.0 23.0 9.0 320.0
0.06300000281963707 50336.0 8.0 25.0 14.0 305.0
0.06400000271860773 50342.0 6.0 28.0 11.0 301.0
0.06500000146951769 50361.0 9.0 28.0 12.0 278.0
0.06600000136848835 50341.0 7.0 31.0 10.0 299.0
0.067000001267459 50354.0 9.0 31.0 10.0 284.0
0.06800000001836898 50343.0 12.0 28.0 15.0 290.0
0.06899999991733963 50330.0 4.0 37.0 10.0 307.0
0.06999999866824959 50363.0 8.0 37.0 7.0 273.0
0.07099999856722025 50330.0 11.0 30.0 10.0 307.0
0.0720000042064944 50359.0 6.0 26.0 10.0 287.0
0.07300000295740436 50349.0 8.0 33.0 14.0 284.0
0.07400000285637501 50348.0 7.0 33.0 12.0 288.0
0.07500000275534567 50332.0 7.0 31.0 13.0 305.0
0.07600000150625562 50334.0 11.0 38.0 17.0 288.0
0.0770000014052263 50326.0 9.0 32.0 11.0 310.0
0.07800000130419694 50338.0 8.0 35.0 14.0 293.0
0.07900000120316761 50339.0 10.0 22.0 9.0 308.0
0.08000000110213827 50326.0 11.0 29.0 14.0 308.0
0.08099999985304825 50328.0 10.0 24.0 14.0 312.0
0.0819999986039582 50351.0 8.0 23.0 16.0 290.0
0.08300000424323233 50338.0 13.0 24.0 12.0 301.0
0.08400000299414229 50370.0 7.0 30.0 16.0 265.0
0.08500000289311295 50389.0 11.0 16.0 18.0 254.0
0.08600000279208361 50363.0 10.0 28.0 11.0 276.0
0.08700000269105429 50376.0 11.0 24.0 11.0 266.0
0.08800000144196422 50348.0 8.0 19.0 17.0 296.0
0.0890000013409349 50329.0 12.0 20.0 13.0 314.0
0.09000000009184485 50358.0 13.0 28.0 15.0 274.0
0.09099999999081552 50407.0 10.0 18.0 12.0 241.0
0.09199999988978617 50382.0 11.0 25.0 15.0 255.0
0.09300000438099962 50403.0 10.0 17.0 11.0 247.0
0.09399999853966681 50389.0 12.0 31.0 13.0 243.0
0.09500000417894093 50359.0 9.0 25.0 11.0 284.0
0.09599999718954742 50390.0 10.0 15.0 15.0 258.0
0.09700000282882155 50378.0 13.0 19.0 13.0 265.0
0.09799999698748874 50344.0 13.0 17.0 20.0 294.0
0.09900000147870218 50370.0 9.0 16.0 21.0 272.0
0.10000000711797631 50393.0 7.0 26.0 15.0 247.0
0.10100000127664349 50382.0 8.0 25.0 12.0 261.0
0.10200000576785692 50371.0 8.0 24.0 17.0 268.0
0.10300000107458482 50391.0 7.0 25.0 13.0 252.0
0.10400000441773756 50394.0 8.0 25.0 11.0 250.0
0.10499999857640474 50395.0 6.0 14.0 10.0 263.0
0.10600000421567889 50395.0 8.0 21.0 13.0 251.0
0.10699999837434607 50414.0 12.0 15.0 14.0 233.0
0.1080000028655595 50395.0 11.0 29.0 13.0 240.0
0.10899999702422668 50390.0 9.0 25.0 14.0 250.0
0.11000000151544014 50390.0 7.0 25.0 12.0 254.0
0.11100000715471425 50383.0 11.0 27.0 19.0 248.0
0.11200000131338143 50417.0 10.0 20.0 12.0 229.0
0.11300000695265557 50383.0 9.0 25.0 5.0 266.0
0.11399999996326206 50417.0 12.0 25.0 10.0 224.0
0.1150000044544755 50381.0 11.0 27.0 14.0 255.0
0.11599999861314268 50411.0 9.0 25.0 14.0 229.0
0.11700000425241681 50395.0 12.0 26.0 9.0 246.0
0.117999998411084 50409.0 6.0 18.0 10.0 245.0
0.11900000290229742 50412.0 8.0 21.0 14.0 233.0
0.11999999706096463 50414.0 9.0 20.0 11.0 234.0
0.12100000270023875 50413.0 8.0 24.0 11.0 232.0
0.12200000719145221 50403.0 5.0 25.0 14.0 241.0
0.12300000135011939 50436.0 11.0 25.0 5.0 211.0
0.12400000584133282 50430.0 9.0 23.0 15.0 211.0
0.1250000011480607 50426.0 7.0 25.0 6.0 224.0
0.12600000563927413 50417.0 10.0 27.0 7.0 227.0
0.12699999864988062 50428.0 4.0 26.0 13.0 217.0
0.12800000428915476 50424.0 11.0 23.0 7.0 223.0
0.12899999844782195 50391.0 15.0 34.0 10.0 238.0
0.13000000293903538 50415.0 10.0 28.0 9.0 226.0
0.13099999709770258 50429.0 14.0 25.0 8.0 212.0
0.1320000027369767 50415.0 15.0 22.0 9.0 227.0
0.13300000722819014 50431.0 11.0 21.0 6.0 219.0
0.13400000138685733 50419.0 4.0 29.0 10.0 226.0
0.13500000587807076 50406.0 12.0 25.0 12.0 233.0
0.13600000003673796 50420.0 12.0 29.0 8.0 219.0
0.1370000068240728 50403.0 8.0 36.0 11.0 230.0
0.13799999868661858 50392.0 12.0 36.0 11.0 237.0
0.1390000043258927 50399.0 9.0 35.0 5.0 240.0
0.13999999848455988 50418.0 8.0 34.0 11.0 217.0
0.14100000297577334 50427.0 10.0 30.0 7.0 214.0
0.1419999971344405 50386.0 14.0 38.0 12.0 238.0
0.14300000277371464 50382.0 11.0 44.0 14.0 237.0
0.14400000726492806 50394.0 15.0 35.0 5.0 239.0
0.14500000142359526 50419.0 16.0 38.0 6.0 209.0
0.1460000070628694 50410.0 9.0 31.0 6.0 232.0
0.14700000122153659 50385.0 11.0 45.0 10.0 237.0
0.14800000571275002 50410.0 9.0 30.0 12.0 227.0
0.1490000010194779 50380.0 10.0 39.0 16.0 243.0
0.15000000436263064 50385.0 6.0 38.0 6.0 253.0
0.15099999852129783 50404.0 10.0 46.0 3.0 225.0
0.15200000301251126 50419.0 9.0 30.0 10.0 220.0
0.15299999717117846 50416.0 7.0 27.0 12.0 226.0
0.1540000028104526 50404.0 12.0 38.0 8.0 226.0
0.15500000730166602 50389.0 11.0 35.0 8.0 245.0
0.15600000146033322 50399.0 9.0 30.0 11.0 239.0
0.15700000709960735 50407.0 8.0 27.0 14.0 232.0
0.15800000125827454 50405.0 12.0 29.0 12.0 230.0
0.15900000689754867 50399.0 11.0 41.0 9.0 228.0
0.15999999990815517 50391.0 9.0 30.0 10.0 248.0
0.16100000439936857 50409.0 8.0 29.0 9.0 233.0
0.16199999855803576 50396.0 13.0 22.0 9.0 248.0
0.1630000041973099 50386.0 7.0 32.0 10.0 253.0
0.16399999835597712 50366.0 8.0 30.0 14.0 270.0
0.16500000284719055 50388.0 6.0 35.0 12.0 247.0
0.16600000848646465 50407.0 14.0 28.0 8.0 231.0
0.16700000149707114 50418.0 11.0 25.0 11.0 223.0
0.1680000071363453 50410.0 12.0 27.0 13.0 226.0
0.16900000129501247 50409.0 4.0 33.0 13.0 229.0
0.1700000057862259 50396.0 7.0 31.0 13.0 241.0
0.1710000010929538 50393.0 9.0 36.0 7.0 243.0
0.17200000558416723 50383.0 9.0 26.0 13.0 257.0
0.17299999859477372 50402.0 8.0 37.0 9.0 232.0
0.17400000423404785 50404.0 12.0 35.0 9.0 228.0
0.17499999839271504 50385.0 11.0 36.0 7.0 249.0
0.17600000288392847 50389.0 9.0 43.0 13.0 234.0
0.1770000085232026 50408.0 10.0 41.0 10.0 219.0
0.1780000026818698 50377.0 8.0 41.0 16.0 246.0
0.17900000717308323 50380.0 9.0 36.0 9.0 254.0
0.1800000013317504 50401.0 11.0 41.0 9.0 226.0
0.18100000582296383 50388.0 10.0 37.0 11.0 242.0
0.18199999998163105 50400.0 9.0 46.0 8.0 225.0
0.18300000447284448 50390.0 7.0 39.0 17.0 235.0
0.18399999863151167 50410.0 8.0 33.0 12.0 225.0
0.18499999279017884 50417.0 8.0 29.0 14.0 220.0
0.18600000876199924 50383.0 9.0 36.0 15.0 245.0
0.1870000029206664 50417.0 9.0 28.0 12.0 222.0
0.18799999707933363 50403.0 8.0 31.0 13.0 233.0
0.189000013051154 50379.0 7.0 46.0 12.0 244.0
0.1900000072098212 50430.0 6.0 39.0 5.0 208.0
0.19100000136848835 50393.0 9.0 43.0 8.0 235.0
0.19199999552715555 50415.0 7.0 45.0 7.0 214.0
0.19300001149897592 50402.0 6.0 44.0 14.0 222.0
0.1940000056576431 50374.0 6.0 49.0 10.0 249.0
0.1949999986682496 50392.0 5.0 48.0 8.0 235.0
0.19599999282691677 50397.0 6.0 44.0 9.0 232.0
0.1970000087987372 50377.0 4.0 41.0 12.0 254.0
0.19800000295740436 50378.0 7.0 57.0 8.0 238.0
0.19899999711607155 50368.0 6.0 48.0 9.0 257.0
0.20000001308789192 50383.0 6.0 45.0 6.0 248.0
