# xlin
-2.018919999999999959e+01
-1.903088985507246278e+01
-1.787257971014492597e+01
-1.671426956521738916e+01
-1.555595942028985412e+01
-1.439764927536231731e+01
-1.323933913043478228e+01
-1.208102898550724547e+01
-1.092271884057970865e+01
-9.764408695652171843e+00
-8.606098550724635032e+00
-7.447788405797099998e+00
-6.289478260869563186e+00
-5.131168115942026375e+00
-3.972857971014491341e+00
-2.814547826086954530e+00
-1.656237681159417718e+00
-4.979275362318809073e-01
6.603826086956559038e-01
1.818692753623192715e+00
2.977002898550729526e+00
4.135313043478262784e+00
5.293623188405799596e+00
6.451933333333336407e+00
7.610243478260873218e+00
8.768553623188410029e+00
9.926863768115946840e+00
1.108517391304348365e+01
1.224348405797101691e+01
1.340179420289855727e+01
1.456010434782609053e+01
1.571841449275363090e+01
1.687672463768116415e+01
1.803503478260869741e+01
1.919334492753623778e+01
2.035165507246377103e+01
2.150996521739131140e+01
2.266827536231884466e+01
2.382658550724638502e+01
2.498489565217391828e+01
2.614320579710145864e+01
2.730151594202899190e+01
2.845982608695652516e+01
2.961813623188406552e+01
3.077644637681159878e+01
3.193475652173913915e+01
3.309306666666667240e+01
3.425137681159421277e+01
3.540968695652174603e+01
3.656799710144927928e+01
3.772630724637681965e+01
3.888461739130435291e+01
4.004292753623189327e+01
4.120123768115942653e+01
4.235954782608696689e+01
4.351785797101450015e+01
4.467616811594203341e+01
4.583447826086957377e+01
4.699278840579711414e+01
4.815109855072464029e+01
4.930940869565218065e+01
5.046771884057972102e+01
5.162602898550726138e+01
5.278433913043478753e+01
5.394264927536232790e+01
5.510095942028986826e+01
5.625926956521739442e+01
5.741757971014493478e+01
5.857588985507247514e+01
