# xlin
-2.028679999999999950e+01
-1.912566086956521616e+01
-1.796452173913043282e+01
-1.680338260869564948e+01
-1.564224347826086969e+01
-1.448110434782608635e+01
-1.331996521739130301e+01
-1.215882608695652145e+01
-1.099768695652173811e+01
-9.836547826086954771e+00
-8.675408695652173208e+00
-7.514269565217389868e+00
-6.353130434782606528e+00
-5.191991304347824965e+00
-4.030852173913043401e+00
-2.869713043478260062e+00
-1.708573913043476722e+00
-5.474347826086933821e-01
6.137043478260899576e-01
1.774843478260869745e+00
2.935982608695653084e+00
4.097121739130436424e+00
5.258260869565219764e+00
6.419400000000003104e+00
7.580539130434786443e+00
8.741678260869566230e+00
9.902817391304349570e+00
1.106395652173913291e+01
1.222509565217391270e+01
1.338623478260869604e+01
1.454737391304347938e+01
1.570851304347826272e+01
1.686965217391304606e+01
1.803079130434782940e+01
1.919193043478261274e+01
2.035306956521739608e+01
2.151420869565217941e+01
2.267534782608696275e+01
2.383648695652173899e+01
2.499762608695652233e+01
2.615876521739130567e+01
2.731990434782608901e+01
2.848104347826087235e+01
2.964218260869565569e+01
3.080332173913043903e+01
3.196446086956522237e+01
3.312560000000000571e+01
3.428673913043478905e+01
3.544787826086957239e+01
3.660901739130434862e+01
3.777015652173913196e+01
3.893129565217391530e+01
4.009243478260869864e+01
4.125357391304348198e+01
4.241471304347826532e+01
4.357585217391304866e+01
4.473699130434782489e+01
4.589813043478261534e+01
4.705926956521739157e+01
4.822040869565218202e+01
4.938154782608695825e+01
5.054268695652174870e+01
5.170382608695652493e+01
5.286496521739131538e+01
5.402610434782609161e+01
5.518724347826086785e+01
5.634838260869565829e+01
5.750952173913043453e+01
5.867066086956522497e+01
