# Strain,n0,n1,n2,n3,n4
0.0 50133.0 4.0 20.0 4.0 527.0
0.000999999990865703 50138.0 4.0 16.0 3.0 527.0
0.001999999981731406 50149.0 0.0 18.0 1.0 520.0
0.002999999972597109 50096.0 2.0 16.0 2.0 572.0
0.003999999963462812 50119.0 1.0 18.0 8.0 542.0
0.004999999954328515 50106.0 3.0 21.0 3.0 555.0
0.005999999945194218 50143.0 3.0 20.0 6.0 516.0
0.006999999936059921 50125.0 1.0 19.0 5.0 538.0
0.007999999926925625 50129.0 2.0 17.0 5.0 535.0
0.008999999917791327 50106.0 5.0 20.0 4.0 553.0
0.00999999990865703 50104.0 2.0 24.0 3.0 555.0
0.010999999899522734 50154.0 3.0 20.0 4.0 507.0
0.011999999890388436 50097.0 1.0 22.0 1.0 567.0
0.012999999881254139 50095.0 5.0 17.0 4.0 567.0
0.013999999872119842 50157.0 4.0 13.0 3.0 511.0
0.014999999862985546 50084.0 3.0 22.0 3.0 576.0
0.01599999985385125 50101.0 2.0 18.0 4.0 563.0
0.01699999984471695 50146.0 3.0 16.0 3.0 520.0
0.017999999835582654 50101.0 1.0 18.0 3.0 565.0
0.018999999826448358 50115.0 2.0 20.0 9.0 542.0
0.019999999817314065 50144.0 4.0 17.0 4.0 519.0
0.020999999808179765 50108.0 2.0 16.0 3.0 559.0
0.021999999799045468 50134.0 3.0 17.0 4.0 530.0
0.02299999864812406 50136.0 2.0 17.0 5.0 528.0
0.02400000092256399 50111.0 2.0 21.0 5.0 549.0
0.02499999862985546 50146.0 1.0 26.0 3.0 512.0
0.025999999762508278 50139.0 1.0 15.0 6.0 527.0
0.026999998611586865 50131.0 3.0 19.0 3.0 532.0
0.027999999744239685 50124.0 0.0 13.0 2.0 549.0
0.02899999859331827 50110.0 1.0 17.0 6.0 554.0
0.02999999972597109 50143.0 1.0 20.0 2.0 522.0
0.031000000858623908 50161.0 0.0 13.0 3.0 511.0
0.031999999707702495 50122.0 0.0 21.0 6.0 539.0
0.03300000198214244 50164.0 1.0 21.0 3.0 499.0
0.0339999996894339 50129.0 2.0 11.0 4.0 542.0
0.03500000082208672 50151.0 1.0 15.0 5.0 516.0
0.035999999671165316 50142.0 1.0 20.0 5.0 520.0
0.03700000080381812 50144.0 3.0 21.0 2.0 518.0
0.037999999652896715 50142.0 2.0 23.0 1.0 520.0
0.039000000785549535 50159.0 2.0 22.0 3.0 502.0
0.039999998492841006 50140.0 2.0 18.0 3.0 525.0
0.041000000767280935 50116.0 4.0 18.0 8.0 542.0
0.04199999847457241 50158.0 0.0 14.0 4.0 512.0
0.04299999960722523 50141.0 2.0 14.0 4.0 527.0
0.043999999598090936 50134.0 1.0 18.0 4.0 531.0
0.04499999958895663 50139.0 2.0 16.0 5.0 526.0
0.04599999843803522 50178.0 0.0 16.0 3.0 491.0
0.046999999570688046 50162.0 2.0 13.0 8.0 503.0
0.04800000070334086 50164.0 2.0 18.0 3.0 501.0
0.04900000183599367 50184.0 2.0 19.0 2.0 481.0
0.04999999840149804 50121.0 3.0 16.0 4.0 544.0
0.05099999953415085 50158.0 0.0 24.0 7.0 499.0
0.05200000066680367 50152.0 1.0 12.0 4.0 519.0
0.05300000179945649 50154.0 2.0 17.0 5.0 510.0
0.05399999722317373 50182.0 1.0 22.0 5.0 478.0
0.054999999497613666 50155.0 4.0 18.0 7.0 504.0
0.05599999948847937 50189.0 2.0 18.0 4.0 475.0
0.057000001762919306 50160.0 4.0 23.0 2.0 499.0
0.05799999718663655 50199.0 1.0 20.0 2.0 466.0
0.05899999831928937 50183.0 4.0 16.0 5.0 480.0
0.0599999994519422 50159.0 2.0 18.0 3.0 506.0
0.061000000584595 50144.0 1.0 27.0 7.0 509.0
0.06200000285903493 50139.0 0.0 21.0 8.0 520.0
0.06299999828275217 50185.0 1.0 23.0 4.0 475.0
0.06399999941540499 50208.0 2.0 15.0 7.0 456.0
0.06500000054805781 50190.0 0.0 16.0 6.0 476.0
0.06600000168071062 50173.0 2.0 20.0 4.0 489.0
0.06699999710442789 50211.0 2.0 18.0 1.0 456.0
0.06799999937886782 50217.0 2.0 15.0 2.0 452.0
0.06900000051152062 50214.0 3.0 25.0 4.0 442.0
0.07000000164417343 50194.0 3.0 28.0 3.0 460.0
0.07099999706789069 50231.0 1.0 13.0 4.0 439.0
0.0719999982005435 50185.0 1.0 26.0 7.0 469.0
0.07299999933319633 50206.0 2.0 19.0 6.0 455.0
0.07400000160763626 50192.0 2.0 20.0 7.0 467.0
0.07499999703135349 50220.0 1.0 19.0 2.0 446.0
0.07599999816400632 50233.0 1.0 23.0 8.0 423.0
0.07699999929665914 50186.0 1.0 14.0 3.0 484.0
0.07800000042931195 50237.0 2.0 16.0 7.0 426.0
0.07900000156196477 50245.0 1.0 18.0 5.0 419.0
0.07999999698568201 50236.0 0.0 21.0 3.0 428.0
0.08099999926012195 50222.0 0.0 19.0 0.0 447.0
0.08200000039277477 50223.0 1.0 22.0 5.0 437.0
0.08300000152542758 50203.0 2.0 16.0 7.0 460.0
0.08399999694914483 50227.0 1.0 20.0 4.0 436.0
0.08499999922358475 50234.0 1.0 21.0 6.0 426.0
0.08600000035623757 50247.0 0.0 13.0 13.0 415.0
0.0870000014888904 50273.0 1.0 13.0 7.0 394.0
0.08799999691260764 50242.0 2.0 15.0 4.0 425.0
0.08899999804526046 50246.0 1.0 9.0 8.0 424.0
0.08999999917791329 50237.0 1.0 15.0 3.0 432.0
0.09100000145235321 50198.0 0.0 16.0 4.0 470.0
0.09199999687607044 50241.0 2.0 15.0 6.0 424.0
0.09300000257587172 50262.0 1.0 17.0 3.0 405.0
0.09399999914137609 50248.0 0.0 20.0 5.0 415.0
0.09499999456509334 50199.0 2.0 18.0 7.0 462.0
0.09600000140668172 50262.0 1.0 16.0 4.0 405.0
0.09699999797218607 50213.0 0.0 22.0 3.0 450.0
0.09800000367198734 50231.0 0.0 17.0 10.0 430.0
0.09900000023749173 50232.0 1.0 22.0 5.0 428.0
0.09999999566120897 50254.0 1.0 20.0 9.0 404.0
0.10100000364458446 50277.0 1.0 24.0 3.0 383.0
0.1019999990683017 50253.0 1.0 25.0 3.0 406.0
0.10299999335023184 50238.0 3.0 19.0 5.0 423.0
0.10400000019182022 50252.0 1.0 13.0 4.0 418.0
0.10499999675732459 50285.0 0.0 13.0 3.0 387.0
0.10600000359891298 50240.0 1.0 18.0 7.0 422.0
0.10699999902263022 50266.0 1.0 18.0 4.0 399.0
0.1079999955881346 50259.0 0.0 17.0 9.0 403.0
0.10900000128793587 50278.0 0.0 17.0 5.0 388.0
0.10999999785344022 50275.0 2.0 20.0 3.0 388.0
0.1110000046950286 50260.0 3.0 20.0 5.0 400.0
0.11200000011874585 50293.0 3.0 12.0 5.0 375.0
0.11299999668425022 50268.0 2.0 18.0 4.0 396.0
0.11400000352583861 50268.0 3.0 18.0 7.0 392.0
0.11499999780776875 50249.0 1.0 19.0 3.0 416.0
0.1159999943732731 50282.0 0.0 19.0 3.0 384.0
0.11700000121486148 50251.0 3.0 19.0 8.0 407.0
0.11799999663857873 50238.0 3.0 24.0 6.0 417.0
0.11900000348016711 50231.0 3.0 14.0 6.0 434.0
0.11999999890388437 50250.0 2.0 14.0 5.0 417.0
0.12099999546938872 50269.0 3.0 16.0 5.0 395.0
0.1220000023109771 50265.0 3.0 21.0 7.0 392.0
0.12299999773469435 50276.0 4.0 14.0 5.0 389.0
0.12400000571806986 50272.0 4.0 19.0 8.0 385.0
0.1250000011417871 50270.0 5.0 17.0 3.0 393.0
0.12599999542371723 50269.0 6.0 17.0 4.0 392.0
0.12700000226530564 50318.0 2.0 17.0 4.0 347.0
0.12799999883080998 50261.0 4.0 20.0 2.0 401.0
0.1289999942545272 50233.0 4.0 25.0 6.0 420.0
0.13000000109611562 50228.0 5.0 18.0 4.0 433.0
0.13099999651983288 50256.0 4.0 24.0 5.0 399.0
0.13200000336142126 50255.0 5.0 22.0 3.0 403.0
0.1329999999269256 50241.0 3.0 24.0 2.0 418.0
0.1339999953506429 50223.0 5.0 21.0 6.0 433.0
0.13500000219223127 50208.0 4.0 25.0 3.0 448.0
0.1359999987577356 50249.0 3.0 13.0 5.0 418.0
0.13700000559932402 50269.0 2.0 27.0 2.0 388.0
0.13799999988125414 50268.0 3.0 25.0 4.0 388.0
0.13899999530497137 50258.0 5.0 18.0 3.0 404.0
0.14000000214655978 50236.0 4.0 18.0 4.0 426.0
0.14099999871206412 50233.0 3.0 24.0 3.0 425.0
0.14199999413578138 50232.0 5.0 19.0 9.0 423.0
0.14300000097736976 50267.0 3.0 14.0 5.0 399.0
0.143999996401087 50247.0 2.0 19.0 3.0 417.0
0.14500000324267542 50247.0 2.0 18.0 3.0 418.0
0.14599999980817976 50238.0 5.0 25.0 4.0 416.0
0.14699999637368408 50258.0 2.0 15.0 2.0 411.0
0.1480000032152725 50219.0 2.0 27.0 4.0 436.0
0.14899999749720264 50251.0 3.0 22.0 5.0 407.0
0.14999999292091987 50269.0 3.0 24.0 7.0 385.0
0.15099999976250827 50231.0 2.0 24.0 6.0 425.0
0.15199999632801262 50223.0 0.0 25.0 9.0 431.0
0.15300000316960102 50279.0 3.0 24.0 4.0 378.0
0.15399999859331828 50254.0 3.0 25.0 4.0 402.0
0.15499999401703551 50225.0 2.0 25.0 6.0 430.0
0.1560000008586239 50246.0 1.0 15.0 9.0 417.0
0.15699999742412826 50249.0 1.0 27.0 3.0 408.0
0.15800000426571667 50221.0 0.0 22.0 9.0 436.0
0.159000000831221 50237.0 3.0 22.0 6.0 420.0
0.15999999511315116 50224.0 4.0 21.0 10.0 429.0
0.1610000019547395 50263.0 2.0 20.0 3.0 400.0
0.16199999737845677 50267.0 1.0 29.0 3.0 388.0
0.16299999394396114 50258.0 3.0 24.0 5.0 398.0
0.16400000078554952 50272.0 4.0 28.0 5.0 379.0
0.16499999620926678 50257.0 1.0 19.0 5.0 406.0
0.16600000305085516 50269.0 4.0 31.0 6.0 378.0
0.16699999847457242 50255.0 3.0 31.0 6.0 393.0
0.16799999504007673 50228.0 2.0 29.0 7.0 422.0
0.16900000073987803 50254.0 2.0 31.0 4.0 397.0
0.1699999984471695 50242.0 3.0 28.0 3.0 412.0
0.17100000300518367 50262.0 4.0 26.0 6.0 390.0
0.17199999957068804 50201.0 5.0 18.0 7.0 457.0
0.17299999499440527 50215.0 2.0 29.0 3.0 439.0
0.17400000183599368 50241.0 3.0 35.0 6.0 403.0
0.1749999972597109 50248.0 2.0 32.0 9.0 397.0
0.17599999382521528 50233.0 3.0 25.0 7.0 420.0
0.17700000066680366 50201.0 4.0 38.0 12.0 433.0
0.17799999609052092 50244.0 1.0 23.0 8.0 412.0
0.17900000293210933 50234.0 2.0 29.0 11.0 412.0
0.17999999835582656 50224.0 2.0 34.0 11.0 417.0
0.180999996063118 50219.0 3.0 30.0 8.0 428.0
0.1820000006211322 50263.0 4.0 29.0 6.0 386.0
0.18299999718663656 50226.0 4.0 27.0 5.0 426.0
0.1839999926103538 50264.0 7.0 26.0 8.0 383.0
0.18499998803407106 50265.0 3.0 25.0 5.0 390.0
0.18600000629353056 50271.0 5.0 30.0 11.0 371.0
0.18700000171724782 50262.0 4.0 17.0 15.0 390.0
0.18799999828275218 50248.0 4.0 29.0 13.0 394.0
0.18899999370646944 50275.0 3.0 29.0 7.0 374.0
0.18999998913018668 50268.0 2.0 23.0 5.0 390.0
0.1910000073896462 50284.0 5.0 17.0 7.0 375.0
0.19200000281336344 50252.0 2.0 25.0 4.0 405.0
0.1929999982370807 50270.0 3.0 24.0 9.0 382.0
0.19399999594437214 50243.0 5.0 17.0 4.0 419.0
0.1949999902263023 50237.0 3.0 21.0 8.0 419.0
0.19600000848576182 50259.0 0.0 25.0 9.0 395.0
0.19700000390947908 50233.0 5.0 30.0 3.0 417.0
0.1979999993331963 50302.0 2.0 21.0 4.0 359.0
0.19899999589870068 50268.0 2.0 27.0 6.0 385.0
0.19999999132241794 50302.0 0.0 21.0 5.0 360.0
