# Strain,n0,n1,n2,n3,n4
0.0 50169.0 6.0 14.0 4.0 495.0
0.0010000000502444302 50113.0 0.0 17.0 6.0 552.0
0.00200000010048886 50101.0 5.0 13.0 8.0 561.0
0.0030000001507332905 50100.0 5.0 12.0 9.0 562.0
0.004000000200977721 50154.0 3.0 11.0 8.0 512.0
0.005000000251222151 50141.0 2.0 9.0 6.0 530.0
0.006000000301466581 50112.0 9.0 9.0 6.0 552.0
0.007000000351711012 50108.0 6.0 17.0 10.0 547.0
0.008000000401955441 50119.0 3.0 13.0 4.0 549.0
0.009000000452199872 50099.0 5.0 12.0 9.0 563.0
0.010000000502444302 50119.0 5.0 8.0 5.0 551.0
0.0110000016946076 50082.0 3.0 17.0 9.0 577.0
0.012000000602933162 50073.0 4.0 14.0 9.0 588.0
0.013000000653177591 50136.0 4.0 15.0 6.0 527.0
0.014000000703422024 50118.0 2.0 11.0 5.0 552.0
0.015000000753666453 50142.0 5.0 15.0 4.0 522.0
0.016000000803910883 50105.0 4.0 15.0 4.0 560.0
0.017000000854155314 50127.0 5.0 13.0 8.0 535.0
0.018000000904399745 50124.0 5.0 13.0 3.0 543.0
0.019000000954644172 50133.0 5.0 15.0 8.0 527.0
0.020000001004888603 50120.0 3.0 10.0 7.0 548.0
0.021000002197051906 50128.0 4.0 16.0 10.0 530.0
0.022000003389215202 50151.0 4.0 9.0 6.0 518.0
0.023000001155621896 50114.0 5.0 19.0 7.0 543.0
0.024000001205866324 50106.0 4.0 12.0 6.0 560.0
0.025000000114191887 50148.0 5.0 12.0 10.0 513.0
0.026000000164436314 50145.0 3.0 11.0 9.0 520.0
0.027000002498518486 50126.0 6.0 19.0 5.0 532.0
0.028000002548762913 50135.0 0.0 14.0 9.0 530.0
0.029000001457088476 50134.0 3.0 12.0 4.0 535.0
0.0300000015073329 50146.0 6.0 13.0 5.0 518.0
0.031000001557577334 50125.0 3.0 14.0 9.0 537.0
0.03200000046590289 50148.0 4.0 15.0 9.0 512.0
0.03300000279998506 50165.0 3.0 16.0 5.0 499.0
0.03400000170831063 50111.0 3.0 19.0 8.0 547.0
0.035000001758555055 50125.0 4.0 12.0 8.0 539.0
0.03600000180879948 50144.0 4.0 9.0 6.0 525.0
0.037000000717125045 50174.0 2.0 14.0 6.0 492.0
0.03800000076736948 50157.0 2.0 17.0 6.0 506.0
0.039000003101451644 50118.0 2.0 17.0 13.0 538.0
0.04000000315169607 50130.0 2.0 19.0 7.0 530.0
0.04100000206002164 50108.0 3.0 15.0 3.0 559.0
0.04200000211026607 50144.0 5.0 12.0 7.0 520.0
0.043000001018591624 50136.0 4.0 20.0 2.0 526.0
0.04400000449459267 50171.0 6.0 13.0 6.0 492.0
0.04500000340291823 50146.0 3.0 14.0 6.0 519.0
0.04600000231124379 50137.0 3.0 12.0 3.0 533.0
0.04700000464532596 50137.0 3.0 17.0 3.0 528.0
0.04800000241173265 50127.0 6.0 9.0 7.0 539.0
0.04900000474581482 50169.0 4.0 15.0 3.0 497.0
0.050000001370302645 50126.0 5.0 15.0 6.0 536.0
0.051000003704384816 50175.0 5.0 13.0 6.0 489.0
0.05200000032887263 50108.0 3.0 10.0 9.0 558.0
0.0530000026629548 50135.0 5.0 16.0 3.0 529.0
0.05400000499703697 50125.0 2.0 12.0 6.0 543.0
0.05500000162152479 50114.0 1.0 15.0 5.0 553.0
0.056000005097525826 50185.0 3.0 10.0 6.0 484.0
0.05700000172201366 50184.0 5.0 16.0 4.0 479.0
0.058000002914176944 50141.0 2.0 12.0 6.0 527.0
0.05900000524825912 50152.0 2.0 18.0 2.0 514.0
0.06000000301466581 50150.0 3.0 13.0 7.0 515.0
0.06100000534874798 50197.0 4.0 17.0 3.0 467.0
0.06200000197323581 50192.0 2.0 13.0 4.0 477.0
0.06300000430731797 50164.0 2.0 16.0 4.0 502.0
0.06400000093180579 50168.0 1.0 15.0 6.0 498.0
0.06500000326588795 50157.0 3.0 15.0 6.0 507.0
0.06600000559997013 50183.0 6.0 10.0 5.0 484.0
0.06700000222445794 50180.0 2.0 17.0 4.0 485.0
0.06800000570045898 50170.0 3.0 14.0 2.0 499.0
0.06900000118302795 50158.0 2.0 9.0 2.0 517.0
0.07000000351711011 50196.0 5.0 10.0 4.0 473.0
0.07100000585119229 50187.0 1.0 11.0 6.0 483.0
0.0720000024756801 50190.0 3.0 11.0 3.0 481.0
0.07300000480976226 50197.0 5.0 19.0 5.0 462.0
0.07400000257616897 50146.0 5.0 18.0 6.0 513.0
0.07500000491025113 50214.0 2.0 15.0 2.0 455.0
0.07600000153473896 50237.0 2.0 17.0 4.0 428.0
0.07700000386882111 50201.0 3.0 16.0 5.0 463.0
0.07800000620290329 50203.0 1.0 13.0 6.0 465.0
0.07900000282739111 50176.0 2.0 10.0 5.0 495.0
0.08000000516147328 50200.0 4.0 11.0 6.0 467.0
0.0810000017859611 50155.0 3.0 16.0 4.0 510.0
0.08200000412004328 50215.0 1.0 10.0 2.0 460.0
0.08300000645412545 50209.0 2.0 12.0 3.0 462.0
0.08400000307861326 50202.0 2.0 11.0 3.0 470.0
0.08500000541269544 50209.0 4.0 11.0 3.0 461.0
0.08600000317910213 50235.0 4.0 18.0 5.0 426.0
0.0870000055131843 50217.0 1.0 13.0 3.0 454.0
0.08800000784726647 50199.0 4.0 15.0 4.0 466.0
0.0890000044717543 50190.0 7.0 10.0 3.0 478.0
0.09000000680583646 50198.0 3.0 13.0 2.0 472.0
0.09100000343032427 50214.0 3.0 17.0 0.0 454.0
0.09200000576440644 50203.0 4.0 6.0 4.0 471.0
0.09300000809848862 50202.0 3.0 9.0 3.0 471.0
0.09400001043257078 50192.0 2.0 11.0 7.0 476.0
0.09500000134746425 50237.0 2.0 17.0 4.0 428.0
0.09600000368154643 50190.0 2.0 12.0 5.0 479.0
0.0970000060156286 50241.0 3.0 11.0 8.0 425.0
0.09800000834971077 50201.0 3.0 12.0 4.0 468.0
0.09900000040652311 50246.0 1.0 10.0 1.0 430.0
0.10000000274060529 50225.0 2.0 14.0 4.0 443.0
0.10100000393276859 50249.0 4.0 18.0 4.0 413.0
0.10200000740876963 50204.0 5.0 14.0 7.0 458.0
0.10300000860093292 50209.0 2.0 16.0 7.0 454.0
0.10400000065774526 50212.0 2.0 12.0 5.0 457.0
0.10500000299182743 50251.0 4.0 13.0 7.0 413.0
0.1060000053259096 50226.0 3.0 11.0 5.0 443.0
0.10700000765999176 50220.0 6.0 11.0 4.0 447.0
0.10800000999407394 50251.0 2.0 15.0 7.0 413.0
0.10900000090896741 50248.0 3.0 20.0 7.0 410.0
0.11000000324304958 50217.0 7.0 23.0 4.0 437.0
0.11100000557713176 50226.0 5.0 17.0 5.0 435.0
0.11200000791121391 50236.0 3.0 13.0 7.0 429.0
0.11300001138721495 50222.0 3.0 15.0 9.0 439.0
0.11400000344402732 50213.0 4.0 18.0 8.0 445.0
0.1150000046361906 50236.0 2.0 15.0 6.0 429.0
0.11600000697027277 50222.0 2.0 15.0 7.0 442.0
0.11700000930435495 50192.0 3.0 14.0 10.0 469.0
0.11800001163843711 50201.0 5.0 18.0 9.0 455.0
0.1190000025533306 50241.0 1.0 22.0 10.0 414.0
0.12000000488741276 50220.0 1.0 13.0 7.0 447.0
0.12100000722149491 50204.0 5.0 18.0 4.0 457.0
0.12200000955557709 50223.0 2.0 18.0 3.0 442.0
0.12300000161238943 50187.0 3.0 14.0 3.0 481.0
0.12400000394647162 50209.0 4.0 25.0 5.0 445.0
0.1250000051386349 50244.0 2.0 19.0 9.0 414.0
0.12600000747271706 50210.0 4.0 20.0 8.0 446.0
0.12700000980679924 50235.0 5.0 15.0 5.0 428.0
0.12800000186361157 50178.0 5.0 16.0 9.0 480.0
0.12900000419769378 50227.0 3.0 20.0 7.0 431.0
0.13000000653177593 50225.0 5.0 13.0 8.0 437.0
0.13100000886585808 50186.0 3.0 22.0 9.0 468.0
0.13200001119994023 50208.0 4.0 18.0 9.0 449.0
0.13300000211483373 50189.0 5.0 22.0 10.0 462.0
0.1340000044489159 50179.0 1.0 16.0 7.0 485.0
0.1350000067829981 50217.0 3.0 17.0 3.0 448.0
0.13600000911708024 50223.0 5.0 18.0 3.0 439.0
0.13700001259308128 50182.0 4.0 23.0 6.0 473.0
0.1380000023660559 50202.0 6.0 21.0 6.0 453.0
0.13900000470013804 50214.0 4.0 21.0 9.0 440.0
0.14000000703422022 50216.0 5.0 19.0 6.0 442.0
0.1410000093683024 50201.0 6.0 16.0 4.0 461.0
0.14200001284430344 50177.0 9.0 18.0 13.0 471.0
0.14300000375919691 50203.0 4.0 16.0 10.0 455.0
0.1440000060932791 50243.0 2.0 25.0 7.0 411.0
0.14500000842736122 50216.0 5.0 21.0 4.0 442.0
0.14600001076144342 50214.0 10.0 19.0 6.0 439.0
0.14700001309552557 50236.0 6.0 18.0 4.0 424.0
0.14800000515233794 50205.0 9.0 30.0 6.0 438.0
0.14900000634450122 50237.0 4.0 23.0 9.0 415.0
0.1500000086785834 50240.0 2.0 22.0 6.0 418.0
0.15100001101266558 50239.0 6.0 28.0 8.0 407.0
0.15200000306947792 50241.0 4.0 26.0 7.0 410.0
0.1530000054035601 50201.0 5.0 19.0 7.0 456.0
0.15400000773764225 50234.0 6.0 25.0 5.0 418.0
0.1550000100717244 50235.0 7.0 23.0 5.0 418.0
0.1560000124058066 50273.0 6.0 12.0 6.0 391.0
0.15700000332070005 50216.0 8.0 16.0 3.0 445.0
0.15800000565478226 50253.0 7.0 24.0 6.0 398.0
0.15900000913078324 50209.0 8.0 20.0 4.0 447.0
0.16000001032294658 50204.0 7.0 24.0 4.0 449.0
0.16100001265702873 50230.0 9.0 25.0 5.0 419.0
0.16200000357192224 50216.0 8.0 25.0 4.0 435.0
0.16300000590600436 50256.0 7.0 29.0 4.0 392.0
0.16400000824008656 50160.0 7.0 26.0 11.0 484.0
0.16500001057416872 50206.0 6.0 31.0 10.0 435.0
0.1660000129082509 50250.0 6.0 19.0 7.0 406.0
0.16700000496506323 50239.0 5.0 20.0 6.0 418.0
0.16800000729914544 50225.0 5.0 19.0 10.0 429.0
0.16900000963322756 50186.0 4.0 28.0 5.0 465.0
0.17000001082539087 50221.0 7.0 24.0 9.0 427.0
0.17100001430139192 50231.0 4.0 25.0 5.0 423.0
0.1720000052162854 50180.0 5.0 27.0 6.0 470.0
0.17300000755036757 50222.0 4.0 17.0 7.0 438.0
0.17400000988444972 50210.0 6.0 28.0 5.0 439.0
0.1750000122185319 50206.0 3.0 18.0 6.0 455.0
0.17600001455261405 50189.0 3.0 20.0 5.0 471.0
0.17700000546750752 50234.0 3.0 19.0 7.0 425.0
0.1780000078015897 50207.0 6.0 20.0 5.0 450.0
0.17900001013567188 50217.0 4.0 23.0 3.0 441.0
0.18000001246975403 50189.0 5.0 22.0 4.0 468.0
0.18100000566848526 50256.0 2.0 22.0 4.0 404.0
0.1820000068606486 50220.0 4.0 24.0 3.0 437.0
0.18300000919473072 50207.0 2.0 28.0 7.0 444.0
0.18400001152881287 50215.0 5.0 20.0 9.0 439.0
0.18500001386289505 50196.0 4.0 27.0 3.0 458.0
0.18600001619697723 50239.0 4.0 23.0 5.0 417.0
0.1870000185310594 50183.0 3.0 26.0 3.0 473.0
0.18800002086514156 50266.0 3.0 21.0 6.0 392.0
0.18900000150276525 50255.0 5.0 27.0 4.0 397.0
0.1900000038368474 50242.0 4.0 25.0 7.0 410.0
0.19100000617092955 50268.0 7.0 22.0 4.0 387.0
0.1920000085050117 50253.0 6.0 26.0 4.0 399.0
0.1930000108390939 50209.0 6.0 32.0 11.0 430.0
0.1940000120312572 50255.0 3.0 34.0 6.0 390.0
0.19500001436533934 50243.0 3.0 31.0 9.0 402.0
0.19600001669942155 50223.0 4.0 33.0 8.0 420.0
0.1970000190335037 50248.0 3.0 25.0 5.0 407.0
0.19799999967112733 50238.0 5.0 23.0 4.0 418.0
0.19900000200520954 50243.0 5.0 25.0 4.0 411.0
0.2000000043392917 50259.0 2.0 29.0 11.0 387.0
