# xlin
-3.980553981199999924e+01
-3.865175604933332920e+01
-3.749797228666666626e+01
-3.634418852399999622e+01
-3.519040476133333328e+01
-3.403662099866666324e+01
-3.288283723600000030e+01
-3.172905347333333026e+01
-3.057526971066666377e+01
-2.942148594799999728e+01
-2.826770218533333079e+01
-2.711391842266666430e+01
-2.596013465999999426e+01
-2.480635089733333132e+01
-2.365256713466666127e+01
-2.249878337199999478e+01
-2.134499960933332829e+01
-2.019121584666666180e+01
-1.903743208399999531e+01
-1.788364832133332882e+01
-1.672986455866666233e+01
-1.557608079599999229e+01
-1.442229703333332580e+01
-1.326851327066665931e+01
-1.211472950799999282e+01
-1.096094574533332633e+01
-9.807161982666659839e+00
-8.653378219999993348e+00
-7.499594457333323305e+00
-6.345810694666660368e+00
-5.192026931999990325e+00
-4.038243169333327387e+00
-2.884459406666657344e+00
-1.730675643999987301e+00
-5.768918813333243634e-01
5.768918813333456796e-01
1.730675644000008617e+00
2.884459406666678660e+00
4.038243169333341598e+00
5.192026932000011641e+00
6.345810694666674578e+00
7.499594457333344621e+00
8.653378220000014664e+00
9.807161982666677602e+00
1.096094574533334765e+01
1.211472950800001058e+01
1.326851327066668063e+01
1.442229703333334356e+01
1.557608079600001361e+01
1.672986455866668365e+01
1.788364832133334659e+01
1.903743208400001663e+01
2.019121584666667957e+01
2.134499960933334961e+01
2.249878337200001255e+01
2.365256713466668259e+01
2.480635089733335263e+01
2.596013466000001557e+01
2.711391842266667851e+01
2.826770218533335566e+01
2.942148594800001860e+01
3.057526971066668153e+01
3.172905347333334447e+01
3.288283723600002162e+01
3.403662099866668456e+01
3.519040476133334749e+01
3.634418852400002464e+01
3.749797228666668758e+01
3.865175604933335052e+01
