# xlin
-2.020629999999999882e+01
-1.904749420289854811e+01
-1.788868840579710096e+01
-1.672988260869565025e+01
-1.557107681159420309e+01
-1.441227101449275239e+01
-1.325346521739130345e+01
-1.209465942028985452e+01
-1.093585362318840559e+01
-9.777047826086956661e+00
-8.618242028985507730e+00
-7.459436231884058799e+00
-6.300630434782608091e+00
-5.141824637681159160e+00
-3.983018840579710229e+00
-2.824213043478263074e+00
-1.665407246376812367e+00
-5.066014492753616594e-01
6.522043478260854954e-01
1.811010144927536203e+00
2.969815942028983358e+00
4.128621739130434065e+00
5.287427536231881220e+00
6.446233333333331927e+00
7.605039130434782635e+00
8.763844927536229790e+00
9.922650724637680497e+00
1.108145652173912765e+01
1.224026231884057836e+01
1.339906811594202907e+01
1.455787391304347267e+01
1.571667971014492338e+01
1.687548550724637408e+01
1.803429130434782479e+01
1.919309710144927550e+01
2.035190289855071910e+01
2.151070869565216981e+01
2.266951449275362052e+01
2.382832028985507122e+01
2.498712608695651483e+01
2.614593188405796553e+01
2.730473768115941624e+01
2.846354347826086695e+01
2.962234927536231766e+01
3.078115507246376126e+01
3.193996086956521196e+01
3.309876666666666267e+01
3.425757246376811338e+01
3.541637826086956409e+01
3.657518405797100769e+01
3.773398985507245840e+01
3.889279565217390910e+01
4.005160144927535981e+01
4.121040724637680341e+01
4.236921304347825412e+01
4.352801884057970483e+01
4.468682463768115554e+01
4.584563043478260624e+01
4.700443623188405695e+01
4.816324202898550766e+01
4.932204782608694416e+01
5.048085362318839486e+01
5.163965942028984557e+01
5.279846521739129628e+01
5.395727101449274699e+01
5.511607681159419769e+01
5.627488260869564840e+01
5.743368840579709911e+01
5.859249420289854982e+01
