# xlin
-2.036789999999999878e+01
-1.920441014492753595e+01
-1.804092028985507312e+01
-1.687743043478260674e+01
-1.571394057971014391e+01
-1.455045072463768108e+01
-1.338696086956521647e+01
-1.222347101449275186e+01
-1.105998115942028903e+01
-9.896491304347826201e+00
-8.733001449275361594e+00
-7.569511594202896987e+00
-6.406021739130434156e+00
-5.242531884057971325e+00
-4.079042028985504942e+00
-2.915552173913042111e+00
-1.752062318840579280e+00
-5.885724637681164495e-01
5.749173913043463813e-01
1.738407246376812765e+00
2.901897101449275596e+00
4.065386956521738426e+00
5.228876811594204810e+00
6.392366666666667641e+00
7.555856521739130471e+00
8.719346376811593302e+00
9.882836231884056133e+00
1.104632608695652252e+01
1.220981594202898890e+01
1.337330579710145173e+01
1.453679565217391456e+01
1.570028550724637739e+01
1.686377536231884022e+01
1.802726521739130305e+01
1.919075507246376588e+01
2.035424492753622872e+01
2.151773478260869155e+01
2.268122463768116148e+01
2.384471449275362431e+01
2.500820434782608714e+01
2.617169420289854997e+01
2.733518405797101281e+01
2.849867391304347564e+01
2.966216376811593847e+01
3.082565362318840840e+01
3.198914347826087123e+01
3.315263333333333406e+01
3.431612318840579690e+01
3.547961304347825973e+01
3.664310289855072256e+01
3.780659275362318539e+01
3.897008260869564822e+01
4.013357246376811105e+01
4.129706231884058099e+01
4.246055217391304382e+01
4.362404202898550665e+01
4.478753188405797658e+01
4.595102173913043231e+01
4.711451159420290224e+01
4.827800144927535797e+01
4.944149130434782791e+01
5.060498115942028363e+01
5.176847101449275357e+01
5.293196086956520929e+01
5.409545072463767923e+01
5.525894057971014917e+01
5.642243043478260489e+01
5.758592028985507483e+01
5.874941014492753055e+01
