# mu	p(mu)	err
-2.686386165933558004e+03 2.797462680561209770e-07 1.057341507821297761e-07
-2.192725433891038847e+03 2.397825154766742610e-07 9.789080202647705478e-08
-1.699064701848517871e+03 3.996375257944570488e-07 1.263764819984775850e-07
-1.205403969805996894e+03 1.558586350598388361e-06 2.495735548671281740e-07
-7.117432377634777367e+02 1.322800210379652853e-05 7.270767519296100202e-07
-2.180825057209567603e+02 2.001184910415743697e-03 8.942866354003900682e-06
2.755782263215642161e+02 7.713004247833020845e-06 5.551941943181795661e-07
7.692389583640851924e+02 6.793837938505795611e-07 1.647747730811055109e-07
1.262899690406604350e+03 1.998187628972285244e-07 8.936166740362314994e-08
