# Strain	D2minStd
1.000000050244430165e-03 7.748424545212140302e-01
2.000000100488859896e-03 9.242196440840655391e-01
3.000000150733290495e-03 9.292524746795275403e-01
4.000000200977720660e-03 7.824964598804453608e-01
5.000000251222150825e-03 8.255797804322410061e-01
6.000000301466580990e-03 8.024228173943843689e-01
7.000000351711012023e-03 9.380676657703376220e-01
8.000000401955441320e-03 8.554457386208598191e-01
9.000000452199872353e-03 8.468618469151166783e-01
1.000000050244430165e-02 8.890915716810541269e-01
1.100000169460759944e-02 9.175270547938437771e-01
1.200000060293316198e-02 9.310243446972271686e-01
1.300000065317759128e-02 8.789611313704703832e-01
1.400000070342202405e-02 8.743308231757913607e-01
1.500000075366645334e-02 8.641800345892409752e-01
1.600000080391088264e-02 8.466064608999158692e-01
1.700000085415531367e-02 8.866394138496787036e-01
1.800000090439974471e-02 9.013488859989015056e-01
1.900000095464417227e-02 9.357242046791055534e-01
2.000000100488860330e-02 9.597722440645548581e-01
2.100000219705190629e-02 9.654321337091819055e-01
2.200000338921520235e-02 9.948682434923158402e-01
2.300000115562189640e-02 1.066280472322782558e+00
2.400000120586632396e-02 1.150877657284774758e+00
2.500000011419188650e-02 1.109703011229563607e+00
2.600000016443631407e-02 1.062307199070027464e+00
2.700000249851848555e-02 1.093715932626799114e+00
2.800000254876291311e-02 1.096364745422109266e+00
2.900000145708847565e-02 1.140875894377350042e+00
3.000000150733289975e-02 1.145179657803810924e+00
3.100000155757733425e-02 1.158969373954843451e+00
3.200000046590289332e-02 1.178478059218301066e+00
3.300000279998505787e-02 1.229823608779337274e+00
3.400000170831062735e-02 1.224423097088108925e+00
3.500000175855505491e-02 1.267657499240681052e+00
3.600000180879948247e-02 1.318970880286511882e+00
3.700000071712504501e-02 1.272588265517412998e+00
3.800000076736947952e-02 1.237735252502236261e+00
3.900000310145164406e-02 1.294752948448020691e+00
4.000000315169607162e-02 1.320451805044723148e+00
4.100000206002164110e-02 1.280607219966105381e+00
4.200000211026606867e-02 1.312893689341434689e+00
4.300000101859162427e-02 1.362405983458359504e+00
4.400000449459266771e-02 1.332204478798052261e+00
4.500000340291823026e-02 1.344544726657615596e+00
4.600000231124379280e-02 1.378367120485865183e+00
4.700000464532595734e-02 1.359955495101011769e+00
4.800000241173264792e-02 1.352630328801133430e+00
4.900000474581481941e-02 1.380037593317016587e+00
5.000000137030264497e-02 1.366951171256366004e+00
5.100000370438481645e-02 1.403192082722918954e+00
5.200000032887262813e-02 1.431313972021857284e+00
5.300000266295479961e-02 1.454021194668974282e+00
5.400000499703697110e-02 1.531694834665552785e+00
5.500000162152478972e-02 1.525880220249407726e+00
5.600000509752582623e-02 1.494491978749295846e+00
5.700000172201365872e-02 1.503783718207367448e+00
5.800000291417694437e-02 1.570201575449793330e+00
5.900000524825912279e-02 1.571858604345621746e+00
6.000000301466581337e-02 1.597566572108452210e+00
6.100000534874797792e-02 1.553428222901256150e+00
6.200000197323581042e-02 1.573269800468527047e+00
6.300000430731797496e-02 1.603046136667985122e+00
6.400000093180578664e-02 1.647055637664385896e+00
6.500000326588795119e-02 1.602756311469930584e+00
6.600000559997012961e-02 1.602094184762595130e+00
6.700000222445794129e-02 1.615144213622031089e+00
6.800000570045898474e-02 1.594061600050869831e+00
6.900000118302794527e-02 1.629368794240980689e+00
7.000000351711010982e-02 1.617735434330193733e+00
7.100000585119228824e-02 1.667591502426190919e+00
7.200000247568009992e-02 1.648477279702506015e+00
7.300000480976226447e-02 1.689756413281415126e+00
7.400000257616896893e-02 1.688685473396413839e+00
7.500000491025113347e-02 1.679196810203577250e+00
7.600000153473895903e-02 1.658123815617922547e+00
7.700000386882110970e-02 1.678257383566585714e+00
7.800000620290328812e-02 1.654155337735969455e+00
7.900000282739111368e-02 1.662300508122028342e+00
8.000000516147327823e-02 1.636248643324366148e+00
8.100000178596110378e-02 1.637628852302527083e+00
8.200000412004328221e-02 1.614931362183900543e+00
8.300000645412544675e-02 1.651862500208173268e+00
8.400000307861325843e-02 1.625966669239196749e+00
8.500000541269543686e-02 1.618470623366063954e+00
8.600000317910212744e-02 1.605630109581651421e+00
8.700000551318430586e-02 1.619953129796012803e+00
8.800000784726647041e-02 1.622210671794261705e+00
8.900000447175429596e-02 1.624238534910471543e+00
9.000000680583646051e-02 1.619659157924274728e+00
9.100000343032427219e-02 1.620224943840674614e+00
9.200000576440643674e-02 1.631304366706548770e+00
9.300000809848861516e-02 1.625566358767034369e+00
9.400001043257077971e-02 1.621198783137057786e+00
9.500000134746425240e-02 1.630400195919961659e+00
9.600000368154643082e-02 1.600686822201930593e+00
9.700000601562859537e-02 1.636355255978535927e+00
9.800000834971077379e-02 1.623069873731270762e+00
9.900000040652311151e-02 1.617867065052751130e+00
1.000000027406052899e-01 1.623176552940700734e+00
1.010000039327685895e-01 1.594878889051243531e+00
1.020000074087696329e-01 1.602113421907537250e+00
1.030000086009329185e-01 1.585967337145334666e+00
1.040000006577452563e-01 1.584993285735453172e+00
1.050000029918274347e-01 1.560826891487973489e+00
1.060000053259095992e-01 1.558258989770910041e+00
1.070000076599917638e-01 1.559071046235222413e+00
1.080000099940739422e-01 1.551053209958340506e+00
1.090000009089674149e-01 1.543968319371066045e+00
1.100000032430495794e-01 1.568007822499925652e+00
1.110000055771317579e-01 1.556993909544313048e+00
1.120000079112139085e-01 1.562320531622307884e+00
1.130000113872149520e-01 1.583848591260739846e+00
1.140000034440273174e-01 1.561512428278628573e+00
1.150000046361906031e-01 1.588005958643579296e+00
1.160000069702727676e-01 1.584908977781771311e+00
1.170000093043549461e-01 1.570995110156023555e+00
1.180000116384371106e-01 1.577517853295665962e+00
1.190000025533305972e-01 1.586037594062991829e+00
1.200000048874127617e-01 1.584776374851531111e+00
1.210000072214949124e-01 1.585848197764573531e+00
1.220000095555770908e-01 1.587765859084998787e+00
1.230000016123894285e-01 1.580930866822009451e+00
1.240000039464716208e-01 1.585195370597926257e+00
1.250000051386349065e-01 1.580594130387103391e+00
1.260000074727170571e-01 1.584549243190559453e+00
1.270000098067992356e-01 1.572763228788851109e+00
1.280000018636115733e-01 1.580475317249199430e+00
1.290000041976937795e-01 1.577363410118622911e+00
1.300000065317759301e-01 1.584936356587243855e+00
1.310000088658580808e-01 1.598645761417538003e+00
1.320000111999402315e-01 1.605821154935118233e+00
1.330000021148337319e-01 1.604187119105376702e+00
1.340000044489159103e-01 1.603663773380112456e+00
1.350000067829980888e-01 1.597218453398421278e+00
1.360000091170802394e-01 1.592488965877767004e+00
1.370000125930812829e-01 1.594421182352666388e+00
1.380000023660558905e-01 1.596192448307737877e+00
1.390000047001380412e-01 1.594265750791144187e+00
1.400000070342202196e-01 1.601822017986963331e+00
1.410000093683023981e-01 1.601051270944350957e+00
1.420000128443034415e-01 1.596536725973771054e+00
1.430000037591969142e-01 1.590003361932297965e+00
1.440000060932790926e-01 1.591860972835975163e+00
1.450000084273612155e-01 1.592972359519237546e+00
1.460000107614434217e-01 1.590726350260216915e+00
1.470000130955255724e-01 1.588867359588558736e+00
1.480000051523379379e-01 1.579075567789758106e+00
1.490000063445012235e-01 1.571925059993808382e+00
1.500000086785834019e-01 1.582050926046935313e+00
1.510000110126655803e-01 1.584005878540539536e+00
1.520000030694779181e-01 1.581402848898833202e+00
1.530000054035600965e-01 1.579209793670619089e+00
1.540000077376422472e-01 1.573652138964486857e+00
1.550000100717243978e-01 1.577961959400061343e+00
1.560000124058066040e-01 1.570353217089049513e+00
1.570000033207000489e-01 1.560031697415567908e+00
1.580000056547822551e-01 1.561315479463365685e+00
1.590000091307832430e-01 1.555187509934877532e+00
1.600000103229465842e-01 1.557805867496825591e+00
1.610000126570287349e-01 1.546454179522259498e+00
1.620000035719222353e-01 1.542389260957845787e+00
1.630000059060043582e-01 1.543507895454907741e+00
1.640000082400865644e-01 1.538290348454705692e+00
1.650000105741687151e-01 1.538130265892542869e+00
1.660000129082508935e-01 1.531803393146554004e+00
1.670000049650632312e-01 1.529839612403627758e+00
1.680000072991454374e-01 1.535781121965323681e+00
1.690000096332275603e-01 1.542480976331169096e+00
1.700000108253908737e-01 1.536797394956865181e+00
1.710000143013919172e-01 1.533304507786350523e+00
1.720000052162853899e-01 1.533529203610713543e+00
1.730000075503675683e-01 1.529447234791623256e+00
1.740000098844497189e-01 1.523890604434987806e+00
1.750000122185318974e-01 1.532905777653805091e+00
1.760000145526140480e-01 1.523049315537523096e+00
1.770000054675075207e-01 1.521618153258636585e+00
1.780000078015896992e-01 1.526547209530653815e+00
1.790000101356718776e-01 1.524531640101768115e+00
1.800000124697540282e-01 1.518227655899222261e+00
1.810000056684852587e-01 1.512100735395156104e+00
1.820000068606485999e-01 1.514111992956199026e+00
1.830000091947307228e-01 1.510700193815576187e+00
1.840000115288128735e-01 1.501078221807946811e+00
1.850000138628950519e-01 1.496051481017856899e+00
1.860000161969772303e-01 1.498297893332910746e+00
1.870000185310594087e-01 1.494959293822469171e+00
1.880000208651415594e-01 1.494839707169326681e+00
1.890000015027652469e-01 1.489307070318107273e+00
1.900000038368473976e-01 1.490776567995908852e+00
1.910000061709295482e-01 1.495931198372792537e+00
1.920000085050116989e-01 1.503212878970887179e+00
1.930000108390939051e-01 1.501820982329775678e+00
1.940000120312571907e-01 1.498998813070240299e+00
1.950000143653393414e-01 1.503268263155638218e+00
1.960000166994215476e-01 1.497656990473094085e+00
1.970000190335036983e-01 1.495183244492866770e+00
1.979999996711273302e-01 1.495839711078802203e+00
1.990000020052095364e-01 1.492504438891696816e+00
2.000000043392916871e-01 1.492153269111655023e+00
