# zlin
-4.343354402759999999e+01
-4.230540002688312029e+01
-4.117725602616623348e+01
-4.004911202544935378e+01
-3.892096802473246697e+01
-3.779282402401558727e+01
-3.666468002329870046e+01
-3.553653602258182076e+01
-3.440839202186493395e+01
-3.328024802114805425e+01
-3.215210402043116744e+01
-3.102396001971428774e+01
-2.989581601899740448e+01
-2.876767201828052123e+01
-2.763952801756363797e+01
-2.651138401684675472e+01
-2.538324001612987146e+01
-2.425509601541298821e+01
-2.312695201469610495e+01
-2.199880801397922170e+01
-2.087066401326233844e+01
-1.974252001254545519e+01
-1.861437601182857193e+01
-1.748623201111168868e+01
-1.635808801039480898e+01
-1.522994400967792572e+01
-1.410180000896104247e+01
-1.297365600824415921e+01
-1.184551200752727595e+01
-1.071736800681038915e+01
-9.589224006093509445e+00
-8.461080005376622637e+00
-7.332936004659742935e+00
-6.204792003942863232e+00
-5.076648003225976424e+00
-3.948504002509096722e+00
-2.820360001792209914e+00
-1.692216001075330212e+00
-5.640720003584434039e-01
5.640720003584362985e-01
1.692216001075323106e+00
2.820360001792202809e+00
3.948504002509089617e+00
5.076648003225969319e+00
6.204792003942856127e+00
7.332936004659735829e+00
8.461080005376622637e+00
9.589224006093502339e+00
1.071736800681038204e+01
1.184551200752726885e+01
1.297365600824414855e+01
1.410180000896103536e+01
1.522994400967791506e+01
1.635808801039480187e+01
1.748623201111168157e+01
1.861437601182856838e+01
1.974252001254544808e+01
2.087066401326233489e+01
2.199880801397922170e+01
2.312695201469609430e+01
2.425509601541298110e+01
2.538324001612986791e+01
2.651138401684675472e+01
2.763952801756362732e+01
2.876767201828051412e+01
2.989581601899740093e+01
3.102396001971427353e+01
3.215210402043116034e+01
3.328024802114804714e+01
3.440839202186493395e+01
3.553653602258180655e+01
3.666468002329869336e+01
3.779282402401558016e+01
3.892096802473246697e+01
4.004911202544933957e+01
4.117725602616622638e+01
4.230540002688311318e+01
