# xlin
-2.028679999999999950e+01
-1.912566086956521616e+01
-1.796452173913043282e+01
-1.680338260869565303e+01
-1.564224347826086969e+01
-1.448110434782608635e+01
-1.331996521739130479e+01
-1.215882608695652323e+01
-1.099768695652173989e+01
-9.836547826086956547e+00
-8.675408695652174984e+00
-7.514269565217393421e+00
-6.353130434782610081e+00
-5.191991304347826741e+00
-4.030852173913046954e+00
-2.869713043478263614e+00
-1.708573913043480275e+00
-5.474347826086969349e-01
6.137043478260864049e-01
1.774843478260866192e+00
2.935982608695649532e+00
4.097121739130432871e+00
5.258260869565212658e+00
6.419399999999995998e+00
7.580539130434779338e+00
8.741678260869562678e+00
9.902817391304346017e+00
1.106395652173912580e+01
1.222509565217390559e+01
1.338623478260868893e+01
1.454737391304347227e+01
1.570851304347825561e+01
1.686965217391303895e+01
1.803079130434782229e+01
1.919193043478260563e+01
2.035306956521738897e+01
2.151420869565217231e+01
2.267534782608694854e+01
2.383648695652173188e+01
2.499762608695651522e+01
2.615876521739129856e+01
2.731990434782608190e+01
2.848104347826086524e+01
2.964218260869564858e+01
3.080332173913042482e+01
3.196446086956520816e+01
3.312559999999999150e+01
3.428673913043477484e+01
3.544787826086955818e+01
3.660901739130434152e+01
3.777015652173912486e+01
3.893129565217390819e+01
4.009243478260869153e+01
4.125357391304346777e+01
4.241471304347825111e+01
4.357585217391303445e+01
4.473699130434781068e+01
4.589813043478260113e+01
4.705926956521737736e+01
4.822040869565216781e+01
4.938154782608694404e+01
5.054268695652173449e+01
5.170382608695651072e+01
5.286496521739130117e+01
5.402610434782607740e+01
5.518724347826085364e+01
5.634838260869564408e+01
5.750952173913042031e+01
5.867066086956521076e+01
