# Strain,n0,n1,n2,n3,n4
0.0 49967.0 2.0 14.0 4.0 701.0
0.0009999999999999833 50027.0 3.0 8.0 4.0 646.0
0.0019999999999999666 50012.0 4.0 4.0 4.0 664.0
0.0029999999999999498 50019.0 2.0 9.0 2.0 656.0
0.003999999999999933 49991.0 0.0 8.0 1.0 688.0
0.005000000000000078 49980.0 3.0 6.0 2.0 697.0
0.006000000000000062 49993.0 3.0 11.0 3.0 678.0
0.007000000000000045 50026.0 2.0 6.0 2.0 652.0
0.008000000000000028 50022.0 1.0 8.0 5.0 652.0
0.009000000000000011 50016.0 3.0 9.0 0.0 660.0
0.009999999999999995 50018.0 1.0 7.0 5.0 657.0
0.010999999999999979 50019.0 0.0 4.0 4.0 661.0
0.011999999999999962 50048.0 2.0 8.0 3.0 627.0
0.012999999999999946 50054.0 1.0 8.0 5.0 620.0
0.013999999999999927 49993.0 2.0 12.0 3.0 678.0
0.015000000000000074 49999.0 0.0 8.0 1.0 680.0
0.016000000000000056 50022.0 1.0 7.0 3.0 655.0
0.01700000000000004 50033.0 1.0 13.0 3.0 638.0
0.018000000000000023 50004.0 1.0 11.0 2.0 670.0
0.01900000000000001 50027.0 2.0 7.0 1.0 651.0
0.01999999999999999 49997.0 1.0 10.0 1.0 679.0
0.020999999999999974 49992.0 0.0 9.0 2.0 685.0
0.021999999999999957 50009.0 1.0 8.0 3.0 667.0
0.02299999999999994 50027.0 1.0 6.0 6.0 648.0
0.023999999999999924 50033.0 1.0 6.0 3.0 645.0
0.02500000000000007 50026.0 2.0 7.0 3.0 650.0
0.02600000000000005 49996.0 0.0 5.0 2.0 685.0
0.027000000000000034 50054.0 1.0 12.0 0.0 621.0
0.028000000000000018 50014.0 2.0 6.0 1.0 665.0
0.029 50013.0 0.0 10.0 3.0 662.0
0.029999999999999985 50050.0 0.0 4.0 4.0 630.0
0.030999999999999972 50055.0 1.0 5.0 2.0 625.0
0.03199999999999995 50044.0 2.0 5.0 3.0 634.0
0.03299999999999993 50050.0 1.0 12.0 5.0 620.0
0.03400000000000008 50063.0 1.0 10.0 3.0 611.0
0.03500000000000006 50069.0 1.0 7.0 1.0 610.0
0.036000000000000046 50034.0 2.0 11.0 3.0 638.0
0.03700000000000003 50053.0 2.0 4.0 6.0 623.0
0.03800000000000002 50101.0 4.0 6.0 2.0 575.0
0.039 50029.0 2.0 5.0 2.0 650.0
0.03999999999999998 50065.0 3.0 10.0 3.0 607.0
0.04099999999999997 50080.0 2.0 4.0 2.0 600.0
0.04199999999999995 50056.0 1.0 6.0 2.0 623.0
0.04299999999999993 50097.0 0.0 8.0 5.0 578.0
0.044000000000000074 50083.0 1.0 9.0 2.0 593.0
0.04500000000000007 50040.0 5.0 8.0 6.0 629.0
0.04600000000000004 50032.0 2.0 3.0 3.0 648.0
0.04700000000000003 50084.0 2.0 5.0 6.0 591.0
0.04800000000000001 50071.0 1.0 6.0 4.0 606.0
0.048999999999999995 50026.0 3.0 7.0 5.0 647.0
0.049999999999999975 50029.0 0.0 7.0 4.0 648.0
0.05099999999999996 50100.0 2.0 5.0 4.0 577.0
0.05199999999999994 50058.0 2.0 8.0 5.0 615.0
0.05299999999999992 50090.0 1.0 6.0 4.0 587.0
0.05400000000000007 50083.0 4.0 2.0 1.0 598.0
0.055000000000000056 50073.0 2.0 5.0 5.0 603.0
0.056000000000000036 50038.0 3.0 10.0 1.0 636.0
0.05700000000000002 50043.0 2.0 6.0 5.0 632.0
0.058 50070.0 3.0 6.0 7.0 602.0
0.058999999999999976 50074.0 0.0 12.0 3.0 599.0
0.05999999999999997 50113.0 2.0 8.0 1.0 564.0
0.06099999999999996 50111.0 2.0 9.0 0.0 566.0
0.06199999999999994 50090.0 1.0 9.0 4.0 584.0
0.06300000000000008 50065.0 2.0 4.0 4.0 613.0
0.06400000000000007 50055.0 1.0 6.0 3.0 623.0
0.06500000000000004 50078.0 2.0 8.0 5.0 595.0
0.06600000000000003 50104.0 2.0 8.0 5.0 569.0
0.06700000000000002 50078.0 2.0 9.0 5.0 594.0
0.068 50063.0 1.0 6.0 5.0 613.0
0.06899999999999998 50082.0 2.0 5.0 8.0 591.0
0.06999999999999997 50067.0 1.0 6.0 7.0 607.0
0.07099999999999995 50118.0 2.0 7.0 4.0 557.0
0.07199999999999994 50091.0 1.0 10.0 2.0 584.0
0.07300000000000009 50099.0 1.0 11.0 6.0 571.0
0.07400000000000007 50107.0 3.0 8.0 3.0 567.0
0.07500000000000004 50099.0 1.0 9.0 5.0 574.0
0.07600000000000001 50124.0 1.0 7.0 2.0 554.0
0.07700000000000001 50098.0 2.0 10.0 7.0 571.0
0.078 50110.0 0.0 9.0 3.0 566.0
0.07899999999999999 50105.0 2.0 3.0 6.0 572.0
0.07999999999999996 50104.0 2.0 4.0 4.0 574.0
0.08099999999999995 50096.0 1.0 7.0 2.0 582.0
0.08199999999999992 50135.0 1.0 9.0 6.0 537.0
0.08300000000000007 50126.0 1.0 4.0 5.0 552.0
0.08400000000000006 50144.0 1.0 4.0 7.0 532.0
0.08500000000000003 50106.0 0.0 8.0 6.0 568.0
0.08600000000000002 50114.0 1.0 10.0 4.0 559.0
0.08700000000000002 50101.0 2.0 7.0 5.0 573.0
0.08799999999999998 50139.0 0.0 7.0 3.0 539.0
0.08899999999999997 50125.0 1.0 4.0 5.0 553.0
0.08999999999999996 50116.0 1.0 8.0 2.0 561.0
0.09099999999999994 50162.0 1.0 8.0 5.0 512.0
0.09200000000000008 50143.0 1.0 11.0 8.0 525.0
0.09300000000000007 50154.0 1.0 9.0 6.0 518.0
0.09400000000000006 50102.0 2.0 14.0 3.0 567.0
0.09500000000000003 50138.0 1.0 8.0 4.0 537.0
0.09600000000000002 50164.0 1.0 9.0 4.0 510.0
0.097 50160.0 1.0 7.0 4.0 516.0
0.09799999999999999 50188.0 1.0 7.0 4.0 488.0
0.09899999999999996 50120.0 1.0 7.0 4.0 556.0
0.09999999999999995 50151.0 1.0 7.0 1.0 528.0
0.1010000000000001 50185.0 1.0 9.0 3.0 490.0
0.10200000000000008 50178.0 1.0 8.0 7.0 494.0
0.10300000000000006 50156.0 1.0 10.0 2.0 519.0
0.10400000000000005 50123.0 1.0 7.0 2.0 555.0
0.10500000000000002 50158.0 1.0 10.0 7.0 512.0
0.10600000000000001 50216.0 1.0 6.0 2.0 463.0
0.107 50144.0 1.0 9.0 3.0 531.0
0.10799999999999998 50164.0 1.0 10.0 6.0 507.0
0.10899999999999996 50155.0 1.0 11.0 3.0 518.0
0.11000000000000011 50171.0 1.0 5.0 4.0 507.0
0.1110000000000001 50199.0 0.0 9.0 5.0 475.0
0.11200000000000007 50162.0 1.0 5.0 5.0 515.0
0.11300000000000006 50172.0 2.0 5.0 5.0 504.0
0.11400000000000005 50163.0 2.0 4.0 1.0 518.0
0.11500000000000002 50211.0 1.0 8.0 3.0 465.0
0.116 50190.0 1.0 9.0 5.0 483.0
0.11699999999999999 50170.0 2.0 6.0 4.0 506.0
0.11799999999999998 50204.0 1.0 6.0 2.0 475.0
0.11899999999999995 50203.0 1.0 7.0 4.0 473.0
0.11999999999999994 50173.0 1.0 9.0 5.0 500.0
0.12100000000000011 50214.0 2.0 8.0 3.0 461.0
0.12200000000000007 50205.0 2.0 9.0 6.0 466.0
0.12300000000000005 50199.0 2.0 9.0 3.0 475.0
0.12400000000000004 50250.0 2.0 6.0 4.0 426.0
0.12500000000000003 50236.0 1.0 9.0 5.0 437.0
0.12600000000000003 50194.0 1.0 12.0 3.0 478.0
0.127 50170.0 1.0 10.0 4.0 503.0
0.12799999999999997 50178.0 2.0 8.0 4.0 496.0
0.12899999999999995 50191.0 2.0 16.0 4.0 475.0
0.1300000000000001 50190.0 1.0 8.0 4.0 485.0
0.1310000000000001 50182.0 2.0 11.0 6.0 487.0
0.13200000000000006 50215.0 2.0 10.0 6.0 455.0
0.13300000000000006 50211.0 3.0 7.0 3.0 464.0
0.13400000000000004 50211.0 1.0 8.0 2.0 466.0
0.13500000000000004 50174.0 1.0 9.0 4.0 500.0
0.13599999999999998 50205.0 1.0 3.0 3.0 476.0
0.13699999999999998 50176.0 1.0 11.0 3.0 497.0
0.13799999999999996 50213.0 1.0 10.0 1.0 463.0
0.13899999999999996 50202.0 1.0 7.0 4.0 474.0
0.13999999999999993 50222.0 1.0 8.0 3.0 454.0
0.14100000000000007 50232.0 2.0 7.0 3.0 444.0
0.14200000000000007 50203.0 1.0 7.0 6.0 471.0
0.14300000000000004 50228.0 3.0 8.0 5.0 444.0
0.14400000000000002 50202.0 3.0 5.0 2.0 476.0
0.14500000000000002 50252.0 1.0 13.0 4.0 418.0
0.146 50225.0 0.0 6.0 4.0 453.0
0.14699999999999996 50189.0 1.0 11.0 4.0 483.0
0.14799999999999996 50219.0 2.0 11.0 1.0 455.0
0.14899999999999997 50217.0 1.0 6.0 2.0 462.0
0.15000000000000008 50208.0 1.0 7.0 5.0 467.0
0.15100000000000008 50198.0 1.0 7.0 2.0 480.0
0.15200000000000002 50218.0 1.0 5.0 1.0 463.0
0.15300000000000005 50219.0 1.0 5.0 3.0 460.0
0.15400000000000003 50217.0 1.0 6.0 2.0 462.0
0.155 50241.0 1.0 5.0 2.0 439.0
0.156 50190.0 1.0 9.0 3.0 485.0
0.15699999999999997 50244.0 2.0 5.0 4.0 433.0
0.15799999999999995 50219.0 2.0 9.0 1.0 457.0
0.1590000000000001 50237.0 3.0 8.0 2.0 438.0
0.1600000000000001 50226.0 3.0 7.0 3.0 449.0
0.16100000000000006 50229.0 4.0 6.0 2.0 447.0
0.16200000000000006 50222.0 3.0 6.0 4.0 453.0
0.16300000000000003 50228.0 4.0 10.0 3.0 443.0
0.164 50249.0 1.0 7.0 3.0 428.0
0.165 50245.0 0.0 9.0 5.0 429.0
0.16599999999999998 50202.0 3.0 7.0 4.0 472.0
0.16699999999999995 50230.0 1.0 7.0 2.0 448.0
0.16799999999999995 50253.0 2.0 8.0 1.0 424.0
0.16899999999999993 50225.0 0.0 8.0 3.0 452.0
0.17000000000000007 50208.0 0.0 9.0 8.0 463.0
0.17100000000000007 50216.0 2.0 7.0 4.0 459.0
0.17200000000000004 50262.0 2.0 3.0 4.0 417.0
0.17300000000000004 50276.0 0.0 5.0 3.0 404.0
0.17400000000000004 50215.0 0.0 4.0 6.0 463.0
0.17500000000000002 50232.0 1.0 6.0 3.0 446.0
0.176 50211.0 1.0 5.0 4.0 467.0
0.17699999999999996 50212.0 2.0 14.0 3.0 457.0
0.17799999999999994 50242.0 2.0 7.0 3.0 434.0
0.1790000000000001 50203.0 3.0 1.0 6.0 475.0
0.18000000000000008 50223.0 2.0 3.0 1.0 459.0
0.18100000000000005 50240.0 1.0 5.0 5.0 437.0
0.18200000000000005 50214.0 1.0 4.0 3.0 466.0
0.18300000000000002 50232.0 2.0 4.0 4.0 446.0
0.184 50218.0 1.0 7.0 6.0 456.0
0.185 50265.0 2.0 6.0 3.0 412.0
0.18599999999999997 50213.0 0.0 10.0 5.0 460.0
0.18700000000000003 50217.0 0.0 10.0 5.0 456.0
0.18800000000000003 50220.0 2.0 10.0 2.0 454.0
0.189 50247.0 0.0 5.0 4.0 432.0
0.19000000000000006 50243.0 1.0 8.0 2.0 434.0
0.19100000000000006 50224.0 0.0 10.0 6.0 448.0
0.19200000000000003 50214.0 0.0 10.0 6.0 458.0
0.19300000000000003 50246.0 1.0 7.0 3.0 431.0
0.194 50251.0 1.0 7.0 5.0 424.0
0.19499999999999998 50223.0 2.0 11.0 2.0 450.0
0.19599999999999998 50227.0 0.0 9.0 3.0 449.0
0.19700000000000004 50192.0 1.0 5.0 7.0 483.0
0.198 50203.0 2.0 7.0 2.0 474.0
0.1990000000000001 50225.0 1.0 8.0 5.0 449.0
0.20000000000000007 50221.0 1.0 8.0 7.0 451.0
