# Strain,n0,n1,n2,n3,n4
0.0 50280.0 7.0 33.0 4.0 364.0
0.0010000002230829172 50254.0 6.0 34.0 1.0 393.0
0.002000000446165834 50286.0 8.0 35.0 2.0 357.0
0.0029999995193368077 50294.0 4.0 35.0 5.0 350.0
0.003999999742419724 50287.0 8.0 37.0 5.0 351.0
0.004999999965502641 50271.0 4.0 38.0 4.0 371.0
0.00600000018858556 50267.0 6.0 40.0 6.0 369.0
0.0070000004116684755 50257.0 2.0 45.0 8.0 376.0
0.007999999484839449 50271.0 7.0 39.0 4.0 367.0
0.008999999707922366 50255.0 4.0 38.0 7.0 384.0
0.009999999931005282 50264.0 4.0 38.0 4.0 378.0
0.011000000154088198 50255.0 3.0 40.0 4.0 386.0
0.011999999227259174 50279.0 5.0 40.0 5.0 359.0
0.012999999450342092 50264.0 5.0 29.0 4.0 386.0
0.01399999967342501 50303.0 10.0 37.0 5.0 333.0
0.014999999896507927 50256.0 7.0 44.0 7.0 374.0
0.015999998969678898 50261.0 6.0 38.0 4.0 379.0
0.016999999192761815 50246.0 13.0 33.0 3.0 393.0
0.017999999415844733 50260.0 5.0 37.0 5.0 381.0
0.018999999638927647 50273.0 8.0 46.0 4.0 357.0
0.019999999862010565 50263.0 8.0 39.0 4.0 374.0
0.020999998935181542 50309.0 6.0 38.0 8.0 327.0
0.0220000003081764 50269.0 7.0 32.0 9.0 371.0
0.022999999381347374 50266.0 10.0 38.0 4.0 370.0
0.023999998454518348 50286.0 8.0 35.0 3.0 356.0
0.024999998677601266 50255.0 9.0 39.0 5.0 380.0
0.025999998900684183 50283.0 6.0 39.0 2.0 358.0
0.0269999991237671 50265.0 5.0 30.0 2.0 386.0
0.02799999934685002 50266.0 5.0 38.0 8.0 371.0
0.028999999569932936 50256.0 4.0 39.0 4.0 385.0
0.029999998643103907 50272.0 4.0 42.0 7.0 363.0
0.03099999886618682 50295.0 14.0 38.0 7.0 334.0
0.03199999908926974 50285.0 5.0 37.0 5.0 356.0
0.03299999816244071 50268.0 5.0 39.0 5.0 371.0
0.03399999838552363 50296.0 6.0 34.0 8.0 344.0
0.03499999860860655 50240.0 8.0 34.0 6.0 400.0
0.03599999883168947 50279.0 2.0 40.0 6.0 361.0
0.03699999905477239 50235.0 9.0 46.0 9.0 389.0
0.03799999812794336 50266.0 3.0 41.0 7.0 371.0
0.03899999835102627 50282.0 6.0 34.0 5.0 361.0
0.03999999857410919 50255.0 8.0 37.0 7.0 381.0
0.04099999879719211 50289.0 5.0 42.0 5.0 347.0
0.041999997870363084 50283.0 2.0 47.0 10.0 346.0
0.042999998093446005 50282.0 2.0 38.0 4.0 362.0
0.04399999831652892 50276.0 6.0 35.0 9.0 362.0
0.04499999853961183 50279.0 6.0 37.0 6.0 360.0
0.04599999761278281 50285.0 4.0 40.0 6.0 353.0
0.04699999783586572 50312.0 4.0 33.0 8.0 331.0
0.04799999805894863 50280.0 6.0 39.0 6.0 357.0
0.048999998282031554 50298.0 3.0 26.0 4.0 357.0
0.04999999735520253 50281.0 3.0 32.0 5.0 367.0
0.050999997578285446 50264.0 6.0 42.0 7.0 369.0
0.05199999780136837 50326.0 5.0 30.0 3.0 324.0
0.05299999802445128 50311.0 5.0 31.0 6.0 335.0
0.0539999982475342 50283.0 4.0 30.0 6.0 365.0
0.054999997320705166 50298.0 4.0 38.0 8.0 340.0
0.05599999869370004 50287.0 5.0 30.0 7.0 359.0
0.056999998916782944 50288.0 5.0 29.0 4.0 362.0
0.05799999798995392 50276.0 6.0 31.0 8.0 367.0
0.0589999970631249 50306.0 1.0 33.0 4.0 344.0
0.059999997286207814 50298.0 5.0 36.0 4.0 345.0
0.060999997509290735 50299.0 2.0 32.0 2.0 353.0
0.06199999773237364 50288.0 9.0 29.0 4.0 358.0
0.06299999795545656 50308.0 4.0 36.0 8.0 332.0
0.06399999702862753 50299.0 5.0 32.0 3.0 349.0
0.06499999725171046 50301.0 2.0 26.0 4.0 355.0
0.06599999747479336 50316.0 5.0 30.0 8.0 329.0
0.06699999769787629 50322.0 5.0 29.0 7.0 325.0
0.06799999677104727 50332.0 5.0 30.0 8.0 313.0
0.06899999699413017 50310.0 6.0 30.0 7.0 335.0
0.06999999721721312 50293.0 9.0 30.0 7.0 349.0
0.07099999744029602 50314.0 7.0 28.0 6.0 333.0
0.07199999651346697 50305.0 3.0 27.0 7.0 346.0
0.0729999967365499 50341.0 5.0 28.0 6.0 308.0
0.07399999695963282 50312.0 6.0 29.0 4.0 337.0
0.07499999718271573 50312.0 4.0 28.0 3.0 341.0
0.07599999740579866 50329.0 5.0 32.0 7.0 315.0
0.07699999647896963 50335.0 9.0 26.0 4.0 314.0
0.07799999670205254 50313.0 6.0 34.0 8.0 327.0
0.07899999692513547 50320.0 4.0 30.0 4.0 330.0
0.07999999714821839 50351.0 2.0 28.0 10.0 297.0
0.08099999622138936 50334.0 4.0 28.0 2.0 320.0
0.08199999644447226 50337.0 6.0 28.0 3.0 314.0
0.08299999666755518 50337.0 7.0 24.0 5.0 315.0
0.08399999689063808 50333.0 4.0 22.0 5.0 324.0
0.08499999596380908 50345.0 10.0 25.0 4.0 304.0
0.085999996186892 50336.0 4.0 29.0 6.0 313.0
0.08699999640997491 50334.0 6.0 29.0 6.0 313.0
0.08799999663305784 50343.0 2.0 32.0 3.0 308.0
0.08899999685614074 50331.0 4.0 32.0 5.0 316.0
0.08999999592931172 50350.0 4.0 29.0 5.0 300.0
0.09099999730230658 50334.0 10.0 34.0 5.0 305.0
0.09199999637547755 50347.0 7.0 26.0 8.0 300.0
0.09300000119820824 50332.0 9.0 24.0 5.0 318.0
0.09399999567173144 50324.0 7.0 34.0 8.0 315.0
0.09500000164437408 50344.0 8.0 28.0 9.0 299.0
0.09599999611789727 50324.0 9.0 28.0 8.0 319.0
0.09700000094062797 50345.0 9.0 28.0 11.0 295.0
0.09799999541415118 50370.0 11.0 25.0 8.0 274.0
0.09900000138679381 50349.0 10.0 33.0 5.0 291.0
0.099999995860317 50351.0 8.0 27.0 6.0 296.0
0.10100000183295964 50362.0 8.0 28.0 4.0 286.0
0.10199999515657089 50334.0 7.0 30.0 8.0 309.0
0.10300000227912548 50339.0 11.0 29.0 6.0 303.0
0.10399999560273673 50349.0 11.0 28.0 6.0 294.0
0.10500000042546741 50335.0 10.0 35.0 8.0 300.0
0.10599999489899062 50352.0 7.0 38.0 6.0 285.0
0.10700000087163325 50371.0 4.0 31.0 9.0 273.0
0.10799999534515645 50370.0 9.0 35.0 7.0 267.0
0.10900000131779908 50364.0 5.0 30.0 3.0 286.0
0.10999999579132229 50371.0 9.0 31.0 7.0 270.0
0.11100000061405296 50376.0 10.0 30.0 8.0 264.0
0.11199999508757617 50354.0 9.0 28.0 7.0 290.0
0.11300000106021882 50373.0 5.0 32.0 3.0 275.0
0.113999995533742 50358.0 6.0 38.0 8.0 278.0
0.1150000003564727 50360.0 4.0 41.0 6.0 277.0
0.11599999482999591 50380.0 6.0 38.0 6.0 258.0
0.11700000080263855 50384.0 10.0 33.0 3.0 258.0
0.11799999527616173 50342.0 7.0 35.0 11.0 293.0
0.11900000009889243 50349.0 10.0 36.0 3.0 290.0
0.1199999945724156 50375.0 7.0 37.0 6.0 263.0
0.12100000054505826 50374.0 7.0 31.0 6.0 270.0
0.12199999501858144 50362.0 9.0 29.0 9.0 279.0
0.12299999984131217 50356.0 5.0 29.0 7.0 291.0
0.12399999431483535 50382.0 5.0 41.0 10.0 250.0
0.12500000028747799 50387.0 5.0 36.0 13.0 247.0
0.12599999591091313 50383.0 9.0 33.0 3.0 260.0
0.12699999958373187 50357.0 5.0 41.0 9.0 276.0
0.12799999405725507 50347.0 6.0 36.0 14.0 285.0
0.1290000000298977 50371.0 7.0 36.0 10.0 264.0
0.12999999450342092 50359.0 7.0 41.0 12.0 269.0
0.1309999993261516 50364.0 7.0 36.0 10.0 271.0
0.13199999494958675 50378.0 3.0 40.0 7.0 260.0
0.13299999977231744 50349.0 6.0 41.0 10.0 282.0
0.13399999424584064 50401.0 4.0 36.0 5.0 242.0
0.13500000021848327 50385.0 5.0 37.0 5.0 256.0
0.13599999469200647 50383.0 11.0 41.0 5.0 248.0
0.1370000006646491 50399.0 6.0 29.0 4.0 250.0
0.13799999398826035 50346.0 7.0 40.0 5.0 290.0
0.13899999881099107 50407.0 4.0 38.0 5.0 234.0
0.13999999328451423 50381.0 4.0 30.0 5.0 268.0
0.14099999925715687 50364.0 4.0 46.0 10.0 264.0
0.1419999937306801 50364.0 6.0 35.0 10.0 273.0
0.14299999970332275 50397.0 7.0 34.0 3.0 247.0
0.14399999417684592 50373.0 7.0 35.0 10.0 263.0
0.1449999989995766 50349.0 10.0 40.0 4.0 285.0
0.1459999934730998 50382.0 6.0 37.0 9.0 254.0
0.14699999944574244 50359.0 5.0 41.0 10.0 273.0
0.14799999391926563 50380.0 4.0 45.0 3.0 256.0
0.14899999874199632 50367.0 4.0 38.0 14.0 265.0
0.14999999321551954 50367.0 9.0 45.0 11.0 256.0
0.15099999918816218 50368.0 9.0 41.0 8.0 262.0
0.15199999366168535 50346.0 10.0 45.0 7.0 280.0
0.15299999848441606 50344.0 2.0 34.0 13.0 295.0
0.15399999295793926 50361.0 8.0 44.0 9.0 266.0
0.1549999989305819 50338.0 8.0 47.0 12.0 283.0
0.1559999934041051 50368.0 5.0 40.0 8.0 267.0
0.15699999822683577 50377.0 4.0 36.0 8.0 263.0
0.15799999270035897 50386.0 8.0 43.0 9.0 242.0
0.1589999986730016 50347.0 12.0 46.0 5.0 278.0
0.15999999429643677 50368.0 7.0 51.0 7.0 255.0
0.1609999979692555 50406.0 9.0 38.0 4.0 231.0
0.16199999244277874 50364.0 6.0 49.0 5.0 264.0
0.16299999841542134 50374.0 4.0 46.0 8.0 256.0
0.16399999288894454 50364.0 5.0 52.0 10.0 257.0
0.16499999771167523 50379.0 6.0 40.0 9.0 254.0
0.16599999333511037 50370.0 5.0 50.0 7.0 256.0
0.16699999815784106 50407.0 8.0 39.0 10.0 224.0
0.16799999263136425 50392.0 2.0 45.0 5.0 244.0
0.1689999986040069 50385.0 9.0 38.0 12.0 244.0
0.16999999307753008 50389.0 6.0 48.0 9.0 236.0
0.17099999905017274 50381.0 11.0 38.0 10.0 248.0
0.17199999237378397 50376.0 5.0 45.0 8.0 254.0
0.17299999834642663 50376.0 8.0 46.0 9.0 249.0
0.1739999928199498 50391.0 13.0 39.0 11.0 234.0
0.1749999976426805 50409.0 8.0 35.0 8.0 228.0
0.1759999921162037 50348.0 7.0 43.0 12.0 278.0
0.17699999808884634 50396.0 7.0 45.0 9.0 231.0
0.17799999256236954 50382.0 7.0 41.0 8.0 250.0
0.17899999738510025 50381.0 9.0 41.0 11.0 246.0
0.17999999185862345 50374.0 11.0 49.0 8.0 246.0
0.18099999783126608 50393.0 6.0 40.0 11.0 238.0
0.18199999230478928 50395.0 10.0 38.0 8.0 237.0
0.18299999712751996 50370.0 7.0 44.0 10.0 257.0
0.18399999160104316 50367.0 14.0 39.0 6.0 262.0
0.18499999757368582 50364.0 13.0 46.0 4.0 261.0
0.18600000239641648 50370.0 13.0 45.0 8.0 252.0
0.1869999865207322 50360.0 11.0 47.0 11.0 259.0
0.18799999134346287 50369.0 9.0 42.0 6.0 262.0
0.1889999973161055 50363.0 7.0 51.0 11.0 256.0
0.19000000328874816 50386.0 9.0 37.0 8.0 248.0
0.19099998626315193 50407.0 8.0 41.0 1.0 231.0
0.19199999223579453 50374.0 8.0 42.0 9.0 255.0
0.19299999705852525 50376.0 5.0 36.0 4.0 267.0
0.19400000188125593 50405.0 8.0 52.0 3.0 220.0
0.19499998600557167 50382.0 5.0 45.0 5.0 251.0
0.19599999082830236 50390.0 8.0 40.0 11.0 239.0
0.19699999680094496 50393.0 3.0 34.0 10.0 248.0
0.19800000277358762 50362.0 2.0 47.0 11.0 266.0
0.19899998574799138 50381.0 8.0 39.0 9.0 251.0
0.199999991720634 50371.0 6.0 49.0 8.0 254.0
