# xlin
-3.980553981199999924e+01
-3.865175604933332920e+01
-3.749797228666666626e+01
-3.634418852400000333e+01
-3.519040476133333328e+01
-3.403662099866666324e+01
-3.288283723600000030e+01
-3.172905347333333381e+01
-3.057526971066666732e+01
-2.942148594800000083e+01
-2.826770218533333434e+01
-2.711391842266666785e+01
-2.596013466000000136e+01
-2.480635089733333487e+01
-2.365256713466666838e+01
-2.249878337200000189e+01
-2.134499960933333540e+01
-2.019121584666666891e+01
-1.903743208400000242e+01
-1.788364832133333593e+01
-1.672986455866666944e+01
-1.557608079600000295e+01
-1.442229703333333646e+01
-1.326851327066666997e+01
-1.211472950800000348e+01
-1.096094574533333699e+01
-9.807161982666670497e+00
-8.653378220000004006e+00
-7.499594457333337516e+00
-6.345810694666674578e+00
-5.192026932000004535e+00
-4.038243169333334492e+00
-2.884459406666671555e+00
-1.730675644000008617e+00
-5.768918813333385742e-01
5.768918813333314688e-01
1.730675643999994406e+00
2.884459406666657344e+00
4.038243169333327387e+00
5.192026931999997430e+00
6.345810694666660368e+00
7.499594457333323305e+00
8.653378219999993348e+00
9.807161982666663391e+00
1.096094574533332633e+01
1.211472950799998927e+01
1.326851327066665931e+01
1.442229703333332935e+01
1.557608079599999229e+01
1.672986455866665523e+01
1.788364832133332527e+01
1.903743208399999531e+01
2.019121584666665825e+01
2.134499960933332119e+01
2.249878337199999123e+01
2.365256713466666127e+01
2.480635089733332421e+01
2.596013465999998715e+01
2.711391842266665009e+01
2.826770218533332724e+01
2.942148594799999017e+01
3.057526971066665311e+01
3.172905347333333026e+01
3.288283723599999320e+01
3.403662099866665613e+01
3.519040476133331907e+01
3.634418852399998201e+01
3.749797228666665916e+01
3.865175604933332210e+01
