# xlin
-2.018789999999999907e+01
-1.902962753623188163e+01
-1.787135507246376775e+01
-1.671308260869565032e+01
-1.555481014492753644e+01
-1.439653768115941901e+01
-1.323826521739130335e+01
-1.207999275362318770e+01
-1.092172028985507204e+01
-9.763447826086956383e+00
-8.605175362318840726e+00
-7.446902898550725070e+00
-6.288630434782607637e+00
-5.130357971014491980e+00
-3.972085507246376324e+00
-2.813813043478262443e+00
-1.655540579710145010e+00
-4.972681159420275776e-01
6.610043478260863026e-01
1.819276811594203735e+00
2.977549275362317616e+00
4.135821739130435049e+00
5.294094202898548929e+00
6.452366666666666362e+00
7.610639130434783794e+00
8.768911594202897675e+00
9.927184057971015108e+00
1.108545652173912899e+01
1.224372898550724642e+01
1.340200144927536030e+01
1.456027391304347418e+01
1.571854637681159517e+01
1.687681884057970905e+01
1.803509130434782293e+01
1.919336376811594391e+01
2.035163623188405779e+01
2.150990869565217167e+01
2.266818115942028555e+01
2.382645362318840654e+01
2.498472608695652042e+01
2.614299855072463430e+01
2.730127101449275528e+01
2.845954347826086916e+01
2.961781594202898305e+01
3.077608840579709693e+01
3.193436086956521791e+01
3.309263333333333179e+01
3.425090579710144567e+01
3.540917826086956666e+01
3.656745072463768054e+01
3.772572318840579442e+01
3.888399565217390830e+01
4.004226811594202928e+01
4.120054057971014316e+01
4.235881304347825704e+01
4.351708550724637092e+01
4.467535797101449191e+01
4.583363043478260579e+01
4.699190289855071967e+01
4.815017536231883355e+01
4.930844782608694743e+01
5.046672028985507552e+01
5.162499275362318940e+01
5.278326521739130328e+01
5.394153768115941716e+01
5.509981014492753104e+01
5.625808260869564492e+01
5.741635507246375880e+01
5.857462753623188689e+01
