# Strain,n0,n1,n2,n3,n4
0.0 50651.0 3.0 18.0 12.0 4.0
0.0009999999999999733 50650.0 7.0 16.0 11.0 4.0
0.002000000000000028 50660.0 6.0 6.0 14.0 2.0
0.0030000000000000014 50649.0 7.0 17.0 12.0 3.0
0.003999999999999975 50654.0 2.0 20.0 9.0 3.0
0.00500000000000003 50650.0 4.0 14.0 15.0 5.0
0.006000000000000003 50660.0 6.0 9.0 10.0 3.0
0.006999999999999976 50651.0 4.0 15.0 14.0 4.0
0.008000000000000031 50652.0 2.0 18.0 12.0 4.0
0.009000000000000005 50653.0 6.0 14.0 13.0 2.0
0.009999999999999978 50666.0 0.0 8.0 10.0 4.0
0.011000000000000032 50654.0 6.0 13.0 10.0 5.0
0.012000000000000005 50651.0 2.0 17.0 13.0 5.0
0.012999999999999979 50654.0 1.0 13.0 16.0 4.0
0.014000000000000033 50656.0 1.0 15.0 11.0 5.0
0.015000000000000006 50658.0 2.0 16.0 9.0 3.0
0.01599999999999998 50651.0 4.0 15.0 13.0 5.0
0.017000000000000032 50655.0 3.0 16.0 11.0 3.0
0.01800000000000001 50657.0 4.0 18.0 7.0 2.0
0.018999999999999982 50653.0 2.0 20.0 9.0 4.0
0.020000000000000035 50658.0 4.0 17.0 7.0 2.0
0.021000000000000008 50662.0 2.0 15.0 8.0 1.0
0.02199999999999998 50653.0 4.0 16.0 11.0 4.0
0.023000000000000038 50655.0 4.0 16.0 9.0 4.0
0.02400000000000001 50662.0 5.0 10.0 9.0 2.0
0.024999999999999984 50657.0 7.0 14.0 9.0 1.0
0.025999999999999957 50664.0 5.0 10.0 8.0 1.0
0.02700000000000001 50652.0 6.0 13.0 13.0 4.0
0.027999999999999987 50655.0 5.0 13.0 10.0 5.0
0.02900000000000004 50656.0 5.0 14.0 12.0 1.0
0.030000000000000013 50656.0 5.0 11.0 11.0 5.0
0.030999999999999986 50653.0 5.0 14.0 13.0 3.0
0.03199999999999996 50650.0 6.0 15.0 11.0 6.0
0.033000000000000015 50663.0 5.0 10.0 9.0 1.0
0.033999999999999996 50657.0 5.0 8.0 16.0 2.0
0.03499999999999996 50660.0 4.0 13.0 7.0 4.0
0.03600000000000002 50652.0 5.0 15.0 10.0 6.0
0.03699999999999999 50660.0 3.0 11.0 12.0 2.0
0.037999999999999964 50653.0 4.0 14.0 12.0 5.0
0.039000000000000014 50652.0 4.0 17.0 11.0 4.0
0.03999999999999999 50658.0 5.0 13.0 9.0 3.0
0.04099999999999997 50658.0 3.0 15.0 11.0 1.0
0.042000000000000016 50654.0 4.0 16.0 11.0 3.0
0.04299999999999999 50655.0 3.0 14.0 11.0 5.0
0.04399999999999996 50662.0 4.0 14.0 5.0 3.0
0.04500000000000002 50655.0 4.0 16.0 10.0 3.0
0.04599999999999999 50656.0 4.0 15.0 7.0 6.0
0.046999999999999965 50656.0 6.0 11.0 8.0 7.0
0.04800000000000002 50652.0 7.0 17.0 7.0 5.0
0.048999999999999995 50657.0 4.0 16.0 10.0 1.0
0.04999999999999997 50652.0 5.0 18.0 9.0 4.0
0.051000000000000024 50654.0 5.0 17.0 7.0 5.0
0.052 50652.0 6.0 18.0 8.0 4.0
0.05299999999999997 50649.0 5.0 21.0 9.0 4.0
0.05400000000000002 50650.0 4.0 21.0 9.0 4.0
0.05499999999999999 50658.0 3.0 16.0 7.0 4.0
0.05599999999999997 50657.0 1.0 15.0 10.0 5.0
0.05700000000000002 50647.0 4.0 17.0 15.0 5.0
0.05799999999999999 50657.0 1.0 13.0 13.0 4.0
0.05899999999999997 50652.0 5.0 15.0 11.0 5.0
0.060000000000000026 50650.0 4.0 17.0 14.0 3.0
0.06099999999999999 50653.0 6.0 10.0 13.0 6.0
0.06199999999999997 50657.0 3.0 12.0 13.0 3.0
0.06300000000000003 50658.0 3.0 16.0 8.0 3.0
0.064 50655.0 7.0 11.0 9.0 6.0
0.06499999999999997 50655.0 6.0 14.0 8.0 5.0
0.06600000000000003 50653.0 8.0 15.0 10.0 2.0
0.067 50665.0 4.0 10.0 6.0 3.0
0.06799999999999999 50655.0 3.0 18.0 8.0 4.0
0.06899999999999995 50659.0 4.0 14.0 9.0 2.0
0.07 50659.0 2.0 15.0 9.0 3.0
0.07099999999999998 50660.0 4.0 13.0 8.0 3.0
0.07200000000000004 50661.0 3.0 16.0 7.0 1.0
0.07300000000000001 50651.0 4.0 20.0 10.0 3.0
0.07399999999999998 50654.0 7.0 17.0 8.0 2.0
0.07499999999999996 50656.0 4.0 14.0 10.0 4.0
0.07600000000000001 50647.0 7.0 16.0 10.0 8.0
0.07699999999999999 50652.0 8.0 18.0 6.0 4.0
0.07800000000000003 50649.0 5.0 21.0 10.0 3.0
0.079 50659.0 3.0 15.0 7.0 4.0
0.07999999999999997 50653.0 4.0 15.0 12.0 4.0
0.08100000000000003 50638.0 7.0 21.0 15.0 7.0
0.082 50649.0 3.0 20.0 13.0 3.0
0.08299999999999998 50650.0 4.0 21.0 8.0 5.0
0.08400000000000003 50655.0 4.0 16.0 10.0 3.0
0.085 50661.0 2.0 16.0 6.0 3.0
0.08599999999999998 50649.0 6.0 19.0 8.0 6.0
0.087 50646.0 5.0 21.0 11.0 5.0
0.088 50653.0 2.0 19.0 10.0 4.0
0.08899999999999998 50656.0 4.0 16.0 10.0 2.0
0.09 50651.0 5.0 18.0 9.0 5.0
0.091 50643.0 8.0 21.0 12.0 4.0
0.09199999999999998 50658.0 7.0 14.0 8.0 1.0
0.093 50658.0 5.0 18.0 6.0 1.0
0.09400000000000001 50651.0 5.0 18.0 11.0 3.0
0.09499999999999999 50652.0 5.0 18.0 10.0 3.0
0.096 50644.0 5.0 22.0 13.0 4.0
0.09700000000000002 50652.0 6.0 17.0 10.0 3.0
0.09799999999999999 50655.0 7.0 15.0 9.0 2.0
0.099 50656.0 5.0 14.0 9.0 4.0
0.10000000000000002 50656.0 3.0 19.0 7.0 3.0
0.10099999999999999 50663.0 3.0 14.0 6.0 2.0
0.10200000000000001 50647.0 6.0 21.0 10.0 4.0
0.10300000000000002 50664.0 3.0 12.0 7.0 2.0
0.104 50653.0 4.0 19.0 8.0 4.0
0.10500000000000001 50653.0 4.0 19.0 9.0 3.0
0.10600000000000002 50654.0 6.0 17.0 9.0 2.0
0.107 50651.0 3.0 19.0 12.0 3.0
0.10800000000000001 50647.0 1.0 24.0 13.0 3.0
0.10900000000000001 50648.0 3.0 20.0 13.0 4.0
0.10999999999999999 50655.0 3.0 19.0 10.0 1.0
0.111 50645.0 3.0 27.0 12.0 1.0
0.11200000000000002 50655.0 2.0 18.0 10.0 3.0
0.11299999999999999 50653.0 2.0 20.0 10.0 3.0
0.11399999999999996 50655.0 1.0 19.0 11.0 2.0
0.11499999999999998 50660.0 2.0 13.0 10.0 3.0
0.11599999999999999 50657.0 2.0 14.0 13.0 2.0
0.11699999999999997 50656.0 1.0 20.0 9.0 2.0
0.11799999999999998 50666.0 2.0 13.0 7.0 0.0
0.11899999999999998 50654.0 3.0 21.0 7.0 3.0
0.11999999999999997 50659.0 2.0 14.0 6.0 7.0
0.12099999999999998 50660.0 1.0 19.0 6.0 2.0
0.12199999999999998 50653.0 2.0 18.0 10.0 5.0
0.12299999999999997 50651.0 1.0 24.0 9.0 3.0
0.12400000000000001 50649.0 2.0 20.0 12.0 5.0
0.12499999999999999 50653.0 2.0 18.0 10.0 5.0
0.12599999999999997 50652.0 2.0 19.0 11.0 4.0
0.12699999999999997 50651.0 3.0 22.0 10.0 2.0
0.128 50653.0 5.0 14.0 11.0 5.0
0.12899999999999995 50660.0 2.0 12.0 10.0 4.0
0.13000000000000003 50654.0 2.0 16.0 11.0 5.0
0.131 50654.0 3.0 13.0 14.0 4.0
0.13199999999999998 50656.0 3.0 13.0 10.0 6.0
0.13300000000000003 50656.0 2.0 15.0 10.0 5.0
0.134 50655.0 3.0 14.0 13.0 3.0
0.13499999999999998 50657.0 4.0 13.0 11.0 3.0
0.13600000000000004 50657.0 3.0 13.0 12.0 3.0
0.137 50653.0 6.0 10.0 12.0 7.0
0.13799999999999998 50650.0 5.0 14.0 11.0 8.0
0.13899999999999998 50659.0 5.0 13.0 8.0 3.0
0.14 50654.0 3.0 16.0 12.0 3.0
0.141 50654.0 4.0 17.0 10.0 3.0
0.142 50647.0 4.0 18.0 14.0 5.0
0.14300000000000002 50665.0 1.0 9.0 8.0 5.0
0.144 50658.0 2.0 17.0 9.0 2.0
0.145 50665.0 1.0 10.0 8.0 4.0
0.14600000000000002 50653.0 2.0 21.0 11.0 1.0
0.147 50651.0 3.0 18.0 10.0 6.0
0.148 50657.0 3.0 13.0 12.0 3.0
0.149 50653.0 3.0 12.0 14.0 6.0
0.15 50653.0 2.0 16.0 14.0 3.0
0.151 50652.0 4.0 17.0 13.0 2.0
0.152 50655.0 5.0 13.0 11.0 4.0
0.153 50660.0 2.0 14.0 9.0 3.0
0.15400000000000003 50656.0 4.0 13.0 11.0 4.0
0.155 50651.0 3.0 21.0 11.0 2.0
0.156 50658.0 5.0 10.0 12.0 3.0
0.15699999999999997 50662.0 0.0 13.0 12.0 1.0
0.158 50654.0 3.0 14.0 10.0 7.0
0.15899999999999997 50660.0 0.0 15.0 11.0 2.0
0.16 50660.0 1.0 14.0 9.0 4.0
0.161 50652.0 5.0 14.0 12.0 5.0
0.16199999999999998 50656.0 1.0 15.0 14.0 2.0
0.16299999999999995 50657.0 2.0 12.0 15.0 2.0
0.16399999999999995 50657.0 2.0 14.0 13.0 2.0
0.16499999999999998 50660.0 1.0 16.0 8.0 3.0
0.16599999999999998 50662.0 4.0 11.0 10.0 1.0
0.16699999999999998 50662.0 4.0 14.0 7.0 1.0
0.16799999999999998 50655.0 3.0 16.0 10.0 4.0
0.16899999999999996 50667.0 3.0 10.0 5.0 3.0
0.16999999999999998 50659.0 2.0 15.0 7.0 5.0
0.17099999999999999 50655.0 2.0 18.0 9.0 4.0
0.17199999999999996 50656.0 2.0 15.0 12.0 3.0
0.17300000000000004 50665.0 3.0 11.0 6.0 3.0
0.174 50651.0 7.0 14.0 11.0 5.0
0.17499999999999996 50660.0 5.0 11.0 10.0 2.0
0.17600000000000002 50660.0 4.0 10.0 9.0 5.0
0.177 50662.0 3.0 11.0 6.0 6.0
0.17799999999999996 50662.0 4.0 11.0 8.0 3.0
0.17900000000000002 50656.0 4.0 16.0 11.0 1.0
0.18 50663.0 3.0 15.0 5.0 2.0
0.18099999999999997 50660.0 3.0 16.0 8.0 1.0
0.182 50659.0 1.0 18.0 5.0 5.0
0.183 50663.0 3.0 13.0 5.0 4.0
0.18400000000000002 50666.0 3.0 10.0 6.0 3.0
0.185 50666.0 5.0 8.0 7.0 2.0
0.186 50655.0 7.0 14.0 10.0 2.0
0.187 50656.0 4.0 13.0 12.0 3.0
0.188 50660.0 4.0 13.0 9.0 2.0
0.189 50662.0 4.0 12.0 7.0 3.0
0.18999999999999997 50656.0 3.0 14.0 13.0 2.0
0.19099999999999998 50663.0 4.0 11.0 9.0 1.0
0.192 50665.0 5.0 13.0 4.0 1.0
0.19299999999999998 50650.0 4.0 19.0 11.0 4.0
0.19399999999999998 50662.0 4.0 10.0 11.0 1.0
0.195 50662.0 4.0 16.0 5.0 1.0
0.19599999999999998 50654.0 4.0 15.0 14.0 1.0
0.19699999999999998 50659.0 1.0 14.0 11.0 3.0
0.198 50658.0 3.0 16.0 11.0 0.0
0.19899999999999998 50666.0 3.0 11.0 5.0 3.0
0.19999999999999998 50649.0 7.0 14.0 12.0 6.0
