# Strain,n0,n1,n2,n3,n4
0.0 50249.0 15.0 47.0 11.0 366.0
0.0010000000000000022 50233.0 17.0 51.0 11.0 376.0
0.0020000000000000044 50227.0 14.0 49.0 7.0 391.0
0.0030000000000000066 50266.0 15.0 41.0 11.0 355.0
0.004000000000000009 50238.0 18.0 57.0 9.0 366.0
0.0050000000000000105 50256.0 13.0 58.0 7.0 354.0
0.006000000000000013 50223.0 19.0 56.0 8.0 382.0
0.007000000000000015 50251.0 20.0 48.0 9.0 360.0
0.008000000000000018 50230.0 19.0 47.0 12.0 380.0
0.009000000000000018 50262.0 18.0 49.0 8.0 351.0
0.010000000000000021 50223.0 14.0 57.0 14.0 380.0
0.011000000000000024 50273.0 17.0 46.0 11.0 341.0
0.012000000000000026 50251.0 22.0 43.0 16.0 356.0
0.013000000000000027 50256.0 16.0 45.0 14.0 357.0
0.01400000000000003 50246.0 20.0 46.0 11.0 365.0
0.015000000000000032 50277.0 21.0 43.0 7.0 340.0
0.016000000000000035 50250.0 12.0 55.0 10.0 361.0
0.017000000000000036 50226.0 15.0 51.0 11.0 385.0
0.018000000000000037 50263.0 16.0 45.0 11.0 353.0
0.019000000000000038 50239.0 16.0 41.0 12.0 380.0
0.020000000000000042 50263.0 18.0 50.0 10.0 347.0
0.021000000000000046 50238.0 15.0 46.0 20.0 369.0
0.022000000000000047 50252.0 17.0 45.0 8.0 366.0
0.02300000000000005 50250.0 15.0 58.0 15.0 350.0
0.024000000000000053 50277.0 19.0 53.0 7.0 332.0
0.025000000000000053 50274.0 16.0 50.0 12.0 336.0
0.026000000000000054 50254.0 22.0 45.0 12.0 355.0
0.02700000000000006 50255.0 14.0 49.0 11.0 359.0
0.02800000000000006 50245.0 18.0 45.0 13.0 367.0
0.02900000000000006 50232.0 19.0 54.0 11.0 372.0
0.030000000000000065 50266.0 14.0 45.0 7.0 356.0
0.031000000000000062 50265.0 18.0 48.0 8.0 349.0
0.03200000000000007 50275.0 21.0 50.0 11.0 331.0
0.03300000000000007 50262.0 17.0 48.0 8.0 353.0
0.03400000000000007 50250.0 20.0 54.0 9.0 355.0
0.03500000000000007 50246.0 16.0 49.0 11.0 366.0
0.036000000000000074 50255.0 15.0 46.0 8.0 364.0
0.03700000000000008 50252.0 27.0 53.0 14.0 342.0
0.038000000000000075 50255.0 15.0 55.0 12.0 351.0
0.03900000000000009 50249.0 15.0 53.0 8.0 363.0
0.039999999999999925 50258.0 16.0 58.0 11.0 345.0
0.040999999999999925 50260.0 22.0 55.0 10.0 341.0
0.041999999999999926 50254.0 16.0 45.0 8.0 365.0
0.04299999999999993 50260.0 17.0 40.0 10.0 361.0
0.043999999999999935 50282.0 15.0 48.0 11.0 332.0
0.04499999999999993 50281.0 21.0 48.0 8.0 330.0
0.04599999999999994 50246.0 17.0 62.0 8.0 355.0
0.04699999999999994 50274.0 15.0 48.0 8.0 343.0
0.04799999999999994 50285.0 12.0 54.0 14.0 323.0
0.04899999999999994 50272.0 18.0 58.0 13.0 327.0
0.04999999999999994 50266.0 19.0 56.0 12.0 335.0
0.05099999999999995 50261.0 19.0 44.0 10.0 354.0
0.05199999999999995 50262.0 22.0 53.0 14.0 337.0
0.05299999999999995 50303.0 13.0 53.0 13.0 306.0
0.05399999999999995 50259.0 17.0 50.0 14.0 348.0
0.05499999999999995 50301.0 15.0 55.0 13.0 304.0
0.05599999999999995 50281.0 18.0 47.0 10.0 332.0
0.05699999999999996 50267.0 16.0 46.0 11.0 348.0
0.05799999999999996 50266.0 11.0 45.0 13.0 353.0
0.05899999999999996 50257.0 17.0 53.0 17.0 344.0
0.05999999999999996 50279.0 17.0 50.0 19.0 323.0
0.06099999999999996 50293.0 10.0 50.0 11.0 324.0
0.06199999999999998 50282.0 11.0 39.0 10.0 346.0
0.06299999999999997 50287.0 14.0 41.0 12.0 334.0
0.06399999999999997 50264.0 14.0 45.0 10.0 355.0
0.06499999999999997 50295.0 14.0 47.0 10.0 322.0
0.06599999999999998 50295.0 10.0 48.0 14.0 321.0
0.06699999999999998 50276.0 10.0 54.0 13.0 335.0
0.06799999999999998 50321.0 14.0 42.0 11.0 300.0
0.06899999999999998 50314.0 13.0 44.0 12.0 305.0
0.06999999999999998 50297.0 10.0 42.0 13.0 326.0
0.071 50286.0 11.0 62.0 6.0 323.0
0.072 50301.0 15.0 46.0 8.0 318.0
0.073 50300.0 14.0 51.0 13.0 310.0
0.074 50289.0 16.0 56.0 7.0 320.0
0.07499999999999998 50279.0 15.0 51.0 9.0 334.0
0.07600000000000001 50301.0 16.0 42.0 8.0 321.0
0.077 50308.0 10.0 62.0 6.0 302.0
0.078 50320.0 13.0 59.0 9.0 287.0
0.079 50317.0 11.0 56.0 9.0 295.0
0.08 50326.0 13.0 53.0 13.0 283.0
0.081 50335.0 7.0 45.0 8.0 293.0
0.08200000000000002 50335.0 10.0 59.0 8.0 276.0
0.08300000000000002 50343.0 11.0 44.0 12.0 278.0
0.08400000000000002 50336.0 8.0 52.0 16.0 276.0
0.08500000000000002 50310.0 13.0 62.0 12.0 291.0
0.08600000000000002 50321.0 11.0 51.0 12.0 293.0
0.08700000000000002 50342.0 17.0 54.0 8.0 267.0
0.08800000000000002 50320.0 11.0 55.0 5.0 297.0
0.08900000000000001 50342.0 9.0 55.0 6.0 276.0
0.09000000000000004 50301.0 7.0 53.0 10.0 317.0
0.09100000000000003 50356.0 11.0 48.0 9.0 264.0
0.09200000000000003 50346.0 11.0 53.0 12.0 266.0
0.09300000000000004 50353.0 11.0 52.0 7.0 265.0
0.09400000000000004 50358.0 11.0 49.0 8.0 262.0
0.09500000000000004 50335.0 12.0 54.0 7.0 280.0
0.09600000000000004 50294.0 13.0 59.0 10.0 312.0
0.09700000000000004 50346.0 16.0 58.0 6.0 262.0
0.09800000000000005 50301.0 18.0 58.0 10.0 301.0
0.09900000000000005 50320.0 14.0 54.0 7.0 293.0
0.10000000000000005 50331.0 16.0 61.0 7.0 273.0
0.10100000000000005 50321.0 17.0 57.0 8.0 285.0
0.10200000000000005 50291.0 18.0 65.0 9.0 305.0
0.10300000000000005 50354.0 20.0 57.0 5.0 252.0
0.10400000000000006 50338.0 15.0 61.0 7.0 267.0
0.10500000000000007 50332.0 13.0 65.0 13.0 265.0
0.10600000000000007 50320.0 14.0 52.0 12.0 290.0
0.10700000000000007 50274.0 18.0 66.0 15.0 315.0
0.10800000000000007 50335.0 9.0 57.0 8.0 279.0
0.10900000000000007 50304.0 12.0 57.0 11.0 304.0
0.11000000000000007 50342.0 16.0 56.0 9.0 265.0
0.11100000000000007 50325.0 17.0 59.0 8.0 279.0
0.11200000000000007 50327.0 10.0 54.0 9.0 288.0
0.11300000000000007 50334.0 15.0 49.0 12.0 278.0
0.11400000000000007 50342.0 20.0 60.0 8.0 258.0
0.11500000000000007 50311.0 17.0 65.0 7.0 288.0
0.11600000000000009 50342.0 18.0 60.0 8.0 260.0
0.11700000000000009 50344.0 20.0 57.0 11.0 256.0
0.11800000000000009 50382.0 14.0 56.0 3.0 233.0
0.11900000000000009 50350.0 15.0 61.0 9.0 253.0
0.12000000000000009 50308.0 21.0 66.0 9.0 284.0
0.1210000000000001 50344.0 19.0 67.0 5.0 253.0
0.1220000000000001 50355.0 14.0 65.0 5.0 249.0
0.1230000000000001 50353.0 16.0 62.0 11.0 246.0
0.1240000000000001 50323.0 8.0 68.0 7.0 282.0
0.1250000000000001 50349.0 14.0 61.0 10.0 254.0
0.12599999999999995 50339.0 14.0 54.0 12.0 269.0
0.12699999999999995 50343.0 16.0 63.0 4.0 262.0
0.12799999999999995 50348.0 25.0 59.0 10.0 246.0
0.12899999999999995 50355.0 15.0 63.0 6.0 249.0
0.12999999999999995 50344.0 9.0 66.0 7.0 262.0
0.13099999999999995 50330.0 18.0 64.0 12.0 264.0
0.13199999999999995 50350.0 15.0 81.0 17.0 225.0
0.13299999999999995 50350.0 13.0 68.0 12.0 245.0
0.13399999999999995 50335.0 19.0 67.0 8.0 259.0
0.13499999999999995 50343.0 20.0 70.0 12.0 243.0
0.13599999999999995 50321.0 13.0 71.0 15.0 268.0
0.13699999999999996 50354.0 13.0 69.0 10.0 242.0
0.13799999999999996 50340.0 13.0 56.0 12.0 267.0
0.13899999999999996 50341.0 16.0 73.0 8.0 250.0
0.13999999999999996 50346.0 18.0 63.0 11.0 250.0
0.141 50331.0 14.0 69.0 11.0 263.0
0.142 50363.0 15.0 65.0 11.0 234.0
0.143 50326.0 17.0 82.0 10.0 253.0
0.144 50311.0 24.0 76.0 6.0 271.0
0.145 50348.0 16.0 74.0 8.0 242.0
0.146 50329.0 15.0 65.0 11.0 268.0
0.147 50336.0 14.0 69.0 10.0 259.0
0.148 50351.0 16.0 59.0 8.0 254.0
0.14899999999999997 50344.0 21.0 65.0 12.0 246.0
0.14999999999999997 50329.0 15.0 69.0 16.0 259.0
0.15100000000000002 50354.0 15.0 70.0 14.0 235.0
0.15200000000000002 50315.0 19.0 74.0 13.0 267.0
0.15300000000000002 50325.0 21.0 74.0 11.0 257.0
0.154 50349.0 13.0 70.0 9.0 247.0
0.155 50327.0 24.0 66.0 11.0 260.0
0.156 50320.0 21.0 69.0 16.0 262.0
0.157 50327.0 21.0 73.0 16.0 251.0
0.158 50316.0 25.0 66.0 13.0 268.0
0.159 50357.0 25.0 61.0 10.0 235.0
0.16 50309.0 24.0 66.0 10.0 279.0
0.161 50337.0 23.0 72.0 14.0 242.0
0.162 50348.0 24.0 66.0 12.0 238.0
0.163 50347.0 26.0 71.0 10.0 234.0
0.16400000000000003 50323.0 32.0 85.0 5.0 243.0
0.16500000000000004 50350.0 28.0 71.0 10.0 229.0
0.16600000000000004 50344.0 29.0 76.0 5.0 234.0
0.16700000000000004 50292.0 31.0 85.0 8.0 272.0
0.16800000000000004 50320.0 27.0 85.0 12.0 244.0
0.16900000000000004 50313.0 20.0 83.0 14.0 258.0
0.17000000000000004 50342.0 18.0 68.0 8.0 252.0
0.17100000000000004 50325.0 27.0 76.0 10.0 250.0
0.17200000000000004 50329.0 20.0 74.0 10.0 255.0
0.17300000000000004 50340.0 21.0 76.0 7.0 244.0
0.17400000000000004 50324.0 22.0 94.0 15.0 233.0
0.17500000000000004 50311.0 21.0 74.0 14.0 268.0
0.17600000000000005 50303.0 22.0 80.0 15.0 268.0
0.17700000000000002 50303.0 20.0 79.0 8.0 278.0
0.17800000000000002 50325.0 26.0 75.0 14.0 248.0
0.17900000000000008 50330.0 22.0 76.0 9.0 251.0
0.18000000000000008 50331.0 19.0 81.0 6.0 251.0
0.18100000000000008 50337.0 16.0 64.0 16.0 255.0
0.18200000000000005 50343.0 18.0 62.0 9.0 256.0
0.18300000000000005 50320.0 20.0 72.0 12.0 264.0
0.18400000000000005 50332.0 24.0 72.0 14.0 246.0
0.18500000000000005 50320.0 26.0 82.0 15.0 245.0
0.18600000000000008 50326.0 25.0 71.0 13.0 253.0
0.18700000000000008 50321.0 25.0 65.0 14.0 263.0
0.188 50327.0 23.0 70.0 13.0 255.0
0.189 50326.0 22.0 74.0 11.0 255.0
0.19 50357.0 17.0 84.0 9.0 221.0
0.191 50326.0 27.0 75.0 15.0 245.0
0.192 50309.0 24.0 84.0 13.0 258.0
0.193 50336.0 24.0 83.0 9.0 236.0
0.194 50328.0 23.0 76.0 11.0 250.0
0.195 50295.0 26.0 79.0 12.0 276.0
0.196 50308.0 26.0 83.0 12.0 259.0
0.197 50282.0 27.0 75.0 12.0 292.0
0.198 50329.0 32.0 73.0 11.0 243.0
0.199 50332.0 30.0 69.0 10.0 247.0
0.2 50316.0 19.0 82.0 7.0 264.0
