# ylin
-4.333278728559999848e+01
-4.220726034311687869e+01
-4.108173340063376600e+01
-3.995620645815064620e+01
-3.883067951566753351e+01
-3.770515257318441371e+01
-3.657962563070130102e+01
-3.545409868821818122e+01
-3.432857174573506143e+01
-3.320304480325194874e+01
-3.207751786076882894e+01
-3.095199091828571270e+01
-2.982646397580259645e+01
-2.870093703331947665e+01
-2.757541009083636396e+01
-2.644988314835324417e+01
-2.532435620587012792e+01
-2.419882926338701168e+01
-2.307330232090389543e+01
-2.194777537842077564e+01
-2.082224843593765939e+01
-1.969672149345454315e+01
-1.857119455097142691e+01
-1.744566760848831066e+01
-1.632014066600519442e+01
-1.519461372352207462e+01
-1.406908678103895838e+01
-1.294355983855584213e+01
-1.181803289607272589e+01
-1.069250595358960965e+01
-9.566979011106489850e+00
-8.441452068623377158e+00
-7.315925126140257362e+00
-6.190398183657137565e+00
-5.064871241174024874e+00
-3.939344298690905077e+00
-2.813817356207792386e+00
-1.688290413724672590e+00
-5.627634712415527929e-01
5.627634712415598983e-01
1.688290413724679695e+00
2.813817356207792386e+00
3.939344298690912183e+00
5.064871241174031979e+00
6.190398183657144671e+00
7.315925126140264467e+00
8.441452068623377158e+00
9.566979011106496955e+00
1.069250595358960965e+01
1.181803289607272944e+01
1.294355983855584924e+01
1.406908678103896193e+01
1.519461372352208173e+01
1.632014066600519442e+01
1.744566760848831422e+01
1.857119455097143401e+01
1.969672149345454670e+01
2.082224843593765939e+01
2.194777537842077919e+01
2.307330232090389899e+01
2.419882926338701878e+01
2.532435620587013858e+01
2.644988314835324417e+01
2.757541009083636396e+01
2.870093703331948376e+01
2.982646397580260356e+01
3.095199091828572335e+01
3.207751786076882894e+01
3.320304480325194874e+01
3.432857174573506853e+01
3.545409868821818833e+01
3.657962563070130813e+01
3.770515257318441371e+01
3.883067951566753351e+01
3.995620645815065330e+01
4.108173340063377310e+01
4.220726034311689290e+01
