# xlin
-2.028679999999999950e+01
-1.912566086956521616e+01
-1.796452173913043282e+01
-1.680338260869564948e+01
-1.564224347826086792e+01
-1.448110434782608458e+01
-1.331996521739130301e+01
-1.215882608695651967e+01
-1.099768695652173633e+01
-9.836547826086952995e+00
-8.675408695652169655e+00
-7.514269565217388092e+00
-6.353130434782604752e+00
-5.191991304347821412e+00
-4.030852173913039849e+00
-2.869713043478256509e+00
-1.708573913043473169e+00
-5.474347826086898294e-01
6.137043478260935103e-01
1.774843478260876850e+00
2.935982608695660190e+00
4.097121739130439977e+00
5.258260869565223317e+00
6.419400000000006656e+00
7.580539130434789996e+00
8.741678260869573336e+00
9.902817391304356676e+00
1.106395652173914002e+01
1.222509565217391980e+01
1.338623478260870314e+01
1.454737391304348648e+01
1.570851304347826982e+01
1.686965217391305316e+01
1.803079130434783650e+01
1.919193043478261984e+01
2.035306956521740318e+01
2.151420869565218652e+01
2.267534782608696986e+01
2.383648695652175320e+01
2.499762608695653654e+01
2.615876521739131988e+01
2.731990434782609611e+01
2.848104347826087945e+01
2.964218260869566279e+01
3.080332173913044613e+01
3.196446086956522947e+01
3.312560000000001281e+01
3.428673913043479615e+01
3.544787826086957949e+01
3.660901739130436283e+01
3.777015652173914617e+01
3.893129565217392951e+01
4.009243478260871285e+01
4.125357391304349619e+01
4.241471304347827953e+01
4.357585217391306287e+01
4.473699130434783910e+01
4.589813043478262955e+01
4.705926956521740578e+01
4.822040869565219623e+01
4.938154782608697246e+01
5.054268695652176291e+01
5.170382608695653914e+01
5.286496521739132959e+01
5.402610434782610582e+01
5.518724347826088206e+01
5.634838260869567250e+01
5.750952173913044874e+01
5.867066086956523918e+01
