# ylin
-4.372870545319999991e+01
-4.259289492194805149e+01
-4.145708439069610307e+01
-4.032127385944415465e+01
-3.918546332819220623e+01
-3.804965279694025782e+01
-3.691384226568830940e+01
-3.577803173443636808e+01
-3.464222120318441966e+01
-3.350641067193247125e+01
-3.237060014068052283e+01
-3.123478960942857441e+01
-3.009897907817662599e+01
-2.896316854692467757e+01
-2.782735801567272915e+01
-2.669154748442078073e+01
-2.555573695316883231e+01
-2.441992642191688390e+01
-2.328411589066493548e+01
-2.214830535941298706e+01
-2.101249482816103864e+01
-1.987668429690909377e+01
-1.874087376565714536e+01
-1.760506323440519694e+01
-1.646925270315324852e+01
-1.533344217190130010e+01
-1.419763164064935168e+01
-1.306182110939740326e+01
-1.192601057814545840e+01
-1.079020004689350998e+01
-9.654389515641561559e+00
-8.518578984389613140e+00
-7.382768453137664721e+00
-6.246957921885716303e+00
-5.111147390633767884e+00
-3.975336859381819465e+00
-2.839526328129871047e+00
-1.703715796877922628e+00
-5.679052656259742093e-01
5.679052656259742093e-01
1.703715796877922628e+00
2.839526328129863941e+00
3.975336859381812360e+00
5.111147390633760779e+00
6.246957921885709197e+00
7.382768453137657616e+00
8.518578984389606035e+00
9.654389515641554453e+00
1.079020004689350287e+01
1.192601057814545129e+01
1.306182110939739971e+01
1.419763164064934813e+01
1.533344217190129655e+01
1.646925270315324497e+01
1.760506323440519338e+01
1.874087376565714180e+01
1.987668429690908312e+01
2.101249482816103153e+01
2.214830535941297995e+01
2.328411589066492837e+01
2.441992642191687679e+01
2.555573695316882521e+01
2.669154748442077363e+01
2.782735801567272205e+01
2.896316854692467047e+01
3.009897907817661888e+01
3.123478960942856730e+01
3.237060014068051572e+01
3.350641067193246414e+01
3.464222120318441256e+01
3.577803173443636098e+01
3.691384226568830940e+01
3.804965279694025782e+01
3.918546332819220623e+01
4.032127385944415465e+01
4.145708439069610307e+01
4.259289492194805149e+01
