# xlin
-3.997323891660000328e+01
-3.881459431032174479e+01
-3.765594970404347919e+01
-3.649730509776522069e+01
-3.533866049148696220e+01
-3.418001588520870371e+01
-3.302137127893043811e+01
-3.186272667265217962e+01
-3.070408206637391757e+01
-2.954543746009565552e+01
-2.838679285381739703e+01
-2.722814824753913499e+01
-2.606950364126087294e+01
-2.491085903498261445e+01
-2.375221442870435240e+01
-2.259356982242609391e+01
-2.143492521614783186e+01
-2.027628060986956982e+01
-1.911763600359131132e+01
-1.795899139731304928e+01
-1.680034679103479078e+01
-1.564170218475652874e+01
-1.448305757847826669e+01
-1.332441297220000820e+01
-1.216576836592174615e+01
-1.100712375964348411e+01
-9.848479153365225613e+00
-8.689834547086963568e+00
-7.531189940808701522e+00
-6.372545334530443029e+00
-5.213900728252184535e+00
-4.055256121973918937e+00
-2.896611515695660444e+00
-1.737966909417401951e+00
-5.793223031391363520e-01
5.793223031391221411e-01
1.737966909417380634e+00
2.896611515695646233e+00
4.055256121973904726e+00
5.213900728252163219e+00
6.372545334530421712e+00
7.531189940808687311e+00
8.689834547086945804e+00
9.848479153365204297e+00
1.100712375964346990e+01
1.216576836592172839e+01
1.332441297219998688e+01
1.448305757847825248e+01
1.564170218475651097e+01
1.680034679103476947e+01
1.795899139731303507e+01
1.911763600359129356e+01
2.027628060986955205e+01
2.143492521614781765e+01
2.259356982242607614e+01
2.375221442870433464e+01
2.491085903498260024e+01
2.606950364126085873e+01
2.722814824753911722e+01
2.838679285381737571e+01
2.954543746009563421e+01
3.070408206637390691e+01
3.186272667265216540e+01
3.302137127893042390e+01
3.418001588520868239e+01
3.533866049148694088e+01
3.649730509776519938e+01
3.765594970404345787e+01
3.881459431032173057e+01
