# zlin
-4.375562210900000082e+01
-4.261911244383117037e+01
-4.148260277866233992e+01
-4.034609311349350946e+01
-3.920958344832467901e+01
-3.807307378315584856e+01
-3.693656411798701811e+01
-3.580005445281818055e+01
-3.466354478764935010e+01
-3.352703512248051965e+01
-3.239052545731168919e+01
-3.125401579214285874e+01
-3.011750612697402829e+01
-2.898099646180519784e+01
-2.784448679663636739e+01
-2.670797713146753338e+01
-2.557146746629870293e+01
-2.443495780112987248e+01
-2.329844813596104203e+01
-2.216193847079220802e+01
-2.102542880562337757e+01
-1.988891914045454712e+01
-1.875240947528571667e+01
-1.761589981011688621e+01
-1.647939014494805576e+01
-1.534288047977922176e+01
-1.420637081461039131e+01
-1.306986114944156085e+01
-1.193335148427273040e+01
-1.079684181910389640e+01
-9.660332153935065946e+00
-8.523822488766235494e+00
-7.387312823597405043e+00
-6.250803158428574591e+00
-5.114293493259744139e+00
-3.977783828090913687e+00
-2.841274162922083235e+00
-1.704764497753252783e+00
-5.682548325844152259e-01
5.682548325844152259e-01
1.704764497753245678e+00
2.841274162922076130e+00
3.977783828090906582e+00
5.114293493259737033e+00
6.250803158428567485e+00
7.387312823597397937e+00
8.523822488766228389e+00
9.660332153935058841e+00
1.079684181910388929e+01
1.193335148427272685e+01
1.306986114944155730e+01
1.420637081461038775e+01
1.534288047977921821e+01
1.647939014494804866e+01
1.761589981011687911e+01
1.875240947528570956e+01
1.988891914045454001e+01
2.102542880562337757e+01
2.216193847079220802e+01
2.329844813596103847e+01
2.443495780112986893e+01
2.557146746629869938e+01
2.670797713146752983e+01
2.784448679663636028e+01
2.898099646180519073e+01
3.011750612697402119e+01
3.125401579214285164e+01
3.239052545731168209e+01
3.352703512248051254e+01
3.466354478764934299e+01
3.580005445281817344e+01
3.693656411798700390e+01
3.807307378315583435e+01
3.920958344832466480e+01
4.034609311349349525e+01
4.148260277866233992e+01
4.261911244383117037e+01
