# mu	p(mu)	err
-2.632483549631753704e+03 1.134151076088546985e-07 6.548024290814263463e-08
-2.110634147833141469e+03 1.512201434784729401e-07 7.561007173923647006e-08
-1.588784746034529235e+03 3.402453228265640954e-07 1.134151076088546985e-07
-1.066935344235917000e+03 1.852446757611300008e-06 2.646352510873285651e-07
-5.450859424373065849e+02 1.450579226317251741e-04 2.341777096195254326e-06
-2.323654063869435049e+01 1.767120791653565030e-03 8.173497716058357546e-06
4.986128611599178839e+02 1.096346040218928717e-06 2.035863486975256755e-07
1.020462262958530118e+03 2.646352510873276651e-07 1.000227232168863292e-07
1.542311664757142353e+03 7.561007173923647006e-08 5.346439445281543727e-08
