# zlin
-2.221600000000000108e+01
-2.107870259740260011e+01
-1.994140519480519558e+01
-1.880410779220779460e+01
-1.766681038961039008e+01
-1.652951298701298910e+01
-1.539221558441558635e+01
-1.425491818181818360e+01
-1.311762077922078085e+01
-1.198032337662337810e+01
-1.084302597402597534e+01
-9.705728571428572593e+00
-8.568431168831171618e+00
-7.431133766233768867e+00
-6.293836363636366116e+00
-5.156538961038961588e+00
-4.019241558441560613e+00
-2.881944155844159638e+00
-1.744646753246755111e+00
-6.073493506493541361e-01
5.299480519480503915e-01
1.667245454545451366e+00
2.804542857142855894e+00
3.941840259740256869e+00
5.079137662337657844e+00
6.216435064935062371e+00
7.353732467532463346e+00
8.491029870129867874e+00
9.628327272727268848e+00
1.076562467532467338e+01
1.190292207792207790e+01
1.304021948051947533e+01
1.417751688311687985e+01
1.531481428571428438e+01
1.645211168831168180e+01
1.758940909090908633e+01
1.872670649350649086e+01
1.986400389610389539e+01
2.100130129870129281e+01
2.213859870129869734e+01
2.327589610389610186e+01
2.441319350649349929e+01
2.555049090909090381e+01
2.668778831168830834e+01
2.782508571428571287e+01
2.896238311688311029e+01
3.009968051948051482e+01
3.123697792207791935e+01
3.237427532467531677e+01
3.351157272727272129e+01
3.464887012987012582e+01
3.578616753246753035e+01
3.692346493506492777e+01
3.806076233766233230e+01
3.919805974025973683e+01
4.033535714285714135e+01
4.147265454545453878e+01
4.260995194805193620e+01
4.374724935064934783e+01
4.488454675324674525e+01
4.602184415584415689e+01
4.715914155844155431e+01
4.829643896103895173e+01
4.943373636363636336e+01
5.057103376623376079e+01
5.170833116883115821e+01
5.284562857142856984e+01
5.398292597402596726e+01
5.512022337662336469e+01
5.625752077922077632e+01
5.739481818181817374e+01
5.853211558441558537e+01
5.966941298701298280e+01
6.080671038961038022e+01
6.194400779220779185e+01
6.308130519480518927e+01
6.421860259740259380e+01
