# r	g(r)	err
2.010101010101010388e+00 0.000000000000000000e+00 nan
2.030303030303030276e+00 0.000000000000000000e+00 nan
2.050505050505050164e+00 0.000000000000000000e+00 nan
2.070707070707070940e+00 5.318932632497213632e-04 3.761053333113194134e-04
2.090909090909090828e+00 2.086659141456701644e-03 7.377454144744665125e-04
2.111111111111111160e+00 7.675928111101924800e-03 1.401426325412848464e-03
2.131313131313131493e+00 1.204976405097974226e-02 1.739233629626157603e-03
2.151515151515151381e+00 2.906866029438831892e-02 2.675987084332268930e-03
2.171717171717171713e+00 7.205125676197648987e-02 4.173817238315538115e-03
2.191919191919192045e+00 1.281670854080311228e-01 5.515433192413868833e-03
2.212121212121211933e+00 2.498093974688868346e-01 7.629768820939325513e-03
2.232323232323232265e+00 4.814635395722685063e-01 1.049640396364359858e-02
2.252525252525252597e+00 7.740261492540722044e-01 1.318937029913316156e-02
2.272727272727272485e+00 1.208045435373003684e+00 1.633090394306161916e-02
2.292929292929293261e+00 1.647538066833979409e+00 1.890353300279508028e-02
2.313131313131313149e+00 2.346063011611807081e+00 2.236070344881284366e-02
2.333333333333333037e+00 2.941920418421928307e+00 2.482301835749365151e-02
2.353535353535353813e+00 3.471358435517587271e+00 2.673282876950429723e-02
2.373737373737373701e+00 4.125708231011189220e+00 2.889565221847474955e-02
2.393939393939394034e+00 4.639773949162400157e+00 3.038443556882386432e-02
2.414141414141414366e+00 4.942421276261240948e+00 3.109732893140891921e-02
2.434343434343434254e+00 5.104728397296095288e+00 3.134154384692510592e-02
2.454545454545454586e+00 5.287164195128916333e+00 3.163415464850490716e-02
2.474747474747474918e+00 5.305837557704538021e+00 3.143127500969125632e-02
2.494949494949494806e+00 5.233450814128824291e+00 3.096337041527608830e-02
2.515151515151515138e+00 5.137098630918903730e+00 3.043061384919558757e-02
2.535353535353535470e+00 4.916121905383907809e+00 2.953171771022485015e-02
2.555555555555555358e+00 4.710891688591575921e+00 2.868019808346500624e-02
2.575757575757575690e+00 4.404217730718140267e+00 2.751346690068236581e-02
2.595959595959596022e+00 4.009353541392904674e+00 2.604684715677633294e-02
2.616161616161615910e+00 3.748739015008458964e+00 2.499159343338972633e-02
2.636363636363636687e+00 3.525143274042235042e+00 2.404910880465063044e-02
2.656565656565656575e+00 3.190258405340869352e+00 2.270430908384753546e-02
2.676767676767676907e+00 2.916608590073068719e+00 2.154489140657875335e-02
2.696969696969697239e+00 2.604050042684250332e+00 2.020526308961108700e-02
2.717171717171717127e+00 2.378274456872451648e+00 1.916592630210686016e-02
2.737373737373737459e+00 2.184117809517668540e+00 1.823139276425693109e-02
2.757575757575757791e+00 1.964782662537315483e+00 1.716507556605742155e-02
2.777777777777777679e+00 1.779653493296750710e+00 1.621758339922104233e-02
2.797979797979798011e+00 1.564688267517125864e+00 1.509681218286464816e-02
2.818181818181818343e+00 1.392725553142139638e+00 1.414098549466469810e-02
2.838383838383838231e+00 1.272758114623177228e+00 1.342201517520148941e-02
2.858585858585858563e+00 1.142354996196339956e+00 1.262598343787945006e-02
2.878787878787878896e+00 1.013547742582457944e+00 1.180941415247860338e-02
2.898989898989898784e+00 9.044899216384297835e-01 1.107824785376166146e-02
2.919191919191919560e+00 8.261771053503990103e-01 1.051452948645521454e-02
2.939393939393939448e+00 7.755289695698955876e-01 1.011712537102310051e-02
2.959595959595959780e+00 6.868655937253486110e-01 9.456259222567686348e-03
2.979797979797980112e+00 6.393123241816156543e-01 9.061198207029077384e-03
3.000000000000000000e+00 5.645917135056395253e-01 8.457887586361415022e-03
3.020202020202020332e+00 5.353114126783470317e-01 8.180562575420517388e-03
3.040404040404040664e+00 4.823318962116970310e-01 7.713608695394808847e-03
3.060606060606060552e+00 4.642988926798966576e-01 7.518086246066740981e-03
3.080808080808080884e+00 4.229073187100499953e-01 7.128101402725355203e-03
3.101010101010101216e+00 3.920381349773361945e-01 6.818312307401796710e-03
3.121212121212121104e+00 3.710603240968384786e-01 6.590447252666071370e-03
3.141414141414141437e+00 3.547478839723199329e-01 6.402515313506624423e-03
3.161616161616161769e+00 3.481753897273028309e-01 6.302397711252378555e-03
3.181818181818181657e+00 3.282242435214647314e-01 6.080312244629272611e-03
3.202020202020201989e+00 3.265425222828975405e-01 6.026452216215713587e-03
3.222222222222222321e+00 3.040093465383423288e-01 5.778350652687619035e-03
3.242424242424242653e+00 3.089101201328697810e-01 5.788448102277608115e-03
3.262626262626262985e+00 3.087387546435623742e-01 5.751010490181192487e-03
3.282828282828282873e+00 3.060087063209331881e-01 5.690293121067589895e-03
3.303030303030303205e+00 2.985141443964061669e-01 5.585805540033047037e-03
3.323232323232323537e+00 3.029497021211742247e-01 5.592944053159150559e-03
3.343434343434343425e+00 3.152134265803293034e-01 5.670553710528158931e-03
3.363636363636363757e+00 3.203078940439764710e-01 5.681862185403918110e-03
3.383838383838384090e+00 3.190840601442407332e-01 5.637140454945284256e-03
3.404040404040403978e+00 3.243617370192448668e-01 5.649838268857086676e-03
3.424242424242424310e+00 3.304655515121706633e-01 5.669105081390734234e-03
3.444444444444444642e+00 3.350586551406095626e-01 5.674886104251181985e-03
3.464646464646464530e+00 3.446523582857327628e-01 5.721996862143939599e-03
3.484848484848484862e+00 3.615136962573735069e-01 5.826320765077754905e-03
3.505050505050505194e+00 3.777788809783448332e-01 5.921619136465872818e-03
3.525252525252525526e+00 3.795175750160328376e-01 5.901217577255790311e-03
3.545454545454545414e+00 4.004241958626106324e-01 6.027041025526896911e-03
3.565656565656565746e+00 4.125823423072166318e-01 6.083194762474539337e-03
3.585858585858586078e+00 4.299402664287290676e-01 6.174855737428539167e-03
3.606060606060606410e+00 4.475859545257591110e-01 6.265000598700002504e-03
3.626262626262626299e+00 4.778206534642934766e-01 6.437083140726483112e-03
3.646464646464646631e+00 4.879778158091011009e-01 6.469101206939616155e-03
3.666666666666666963e+00 5.051770996795232893e-01 6.545853942373882836e-03
3.686868686868686851e+00 5.375749093591656314e-01 6.715490496229542007e-03
3.707070707070707183e+00 5.708980057388445273e-01 6.882786636474013363e-03
3.727272727272727515e+00 5.957532877571726226e-01 6.992910434518850339e-03
3.747474747474747403e+00 6.364432079601611836e-01 7.188810350361191787e-03
3.767676767676767735e+00 6.759071806065493071e-01 7.368613992122472270e-03
3.787878787878788067e+00 7.348413220696571324e-01 7.642168785110196004e-03
3.808080808080808399e+00 8.080600041223207075e-01 7.971344224949989191e-03
3.828282828282828287e+00 8.509073946433419744e-01 8.136788866142913301e-03
3.848484848484848619e+00 9.140630486672097765e-01 8.389077544446189513e-03
3.868686868686868952e+00 9.929233858889293662e-01 8.697815757104284881e-03
3.888888888888889284e+00 1.080957824480907270e+00 9.028066582053741532e-03
3.909090909090909172e+00 1.135184892972891380e+00 9.203932914580598493e-03
3.929292929292929504e+00 1.210843303566630391e+00 9.456827754549677195e-03
3.949494949494949836e+00 1.312532065866264031e+00 9.795560963456432721e-03
3.969696969696969724e+00 1.393857877820496416e+00 1.004310040909350658e-02
3.989898989898990056e+00 1.468172676487336847e+00 1.025516331934693375e-02
