# Strain	D2minStd
9.999998989706588778e-04 8.160692384766972118e-01
1.999999797941317756e-03 8.772414083950704766e-01
2.999999696911976634e-03 9.558386060957098085e-01
4.000000743943329766e-03 9.853211303634028528e-01
5.000000642913988644e-03 9.837312415432321044e-01
6.000000541884648389e-03 1.023338924088139645e+00
7.000000440855306399e-03 9.683454595209489701e-01
8.000000339825966145e-03 1.031104043928854352e+00
9.000000238796624155e-03 1.021633156637401951e+00
1.000000128582797729e-02 1.038095361416229601e+00
1.100000118479863703e-02 1.037501373423351803e+00
1.199999993570860166e-02 1.035709011829555104e+00
1.300000098273995479e-02 1.047012915361001939e+00
1.399999973364991768e-02 1.014164178463727639e+00
1.499999963262057916e-02 1.029193198392698738e+00
1.600000067965193229e-02 1.031977705415174640e+00
1.700000057862259203e-02 1.036816340154268934e+00
1.800000162565394343e-02 1.054303427183884256e+00
1.900000037656390806e-02 1.086198689053439637e+00
2.000000027553456780e-02 1.167025139540565526e+00
2.100000132256592267e-02 1.088808607136322992e+00
2.200000007347588382e-02 1.123745927335311867e+00
2.299999997244654357e-02 1.138537136426973850e+00
2.399999987141720331e-02 1.120801222794062468e+00
2.500000206650924983e-02 1.136433866692292627e+00
2.600000081741921792e-02 1.165182968293743793e+00
2.700000071638987420e-02 1.169889097527681221e+00
2.800000061536053395e-02 1.148614681031378426e+00
2.900000051433119022e-02 1.151494422262128836e+00
2.999999926524115831e-02 1.141678126844087204e+00
3.100000146033320483e-02 1.170953820531651424e+00
3.200000135930386458e-02 1.160657668558605193e+00
3.300000125827452085e-02 1.176855742446627495e+00
3.400000115724518407e-02 1.167215638402241185e+00
3.499999990815514522e-02 1.165356280337574768e+00
3.600000210324719868e-02 1.221919329845035262e+00
3.700000200221785496e-02 1.220770032514946424e+00
3.800000075312781611e-02 1.271065825444291697e+00
3.900000065209847239e-02 1.271996984643869899e+00
4.000000055106913560e-02 1.273350533969243026e+00
4.099999930197909676e-02 1.286680972195255679e+00
4.200000149707114327e-02 1.291000364670198408e+00
4.300000139604180649e-02 1.297253015196914383e+00
4.400000129501246970e-02 1.294234174102477208e+00
4.500000004592243086e-02 1.291143366183704400e+00
4.599999994489308713e-02 1.332360675025992425e+00
4.699999984386374341e-02 1.331011351379444596e+00
4.799999859477371150e-02 1.326281024061440439e+00
4.899999849374436778e-02 1.355085857746517242e+00
5.000000298495781148e-02 1.327474701730462003e+00
5.100000288392846082e-02 1.366122212451569506e+00
5.200000278289912403e-02 1.371086596653823264e+00
5.300000268186978725e-02 1.337899486193776077e+00
5.400000143277974840e-02 1.401342034105449663e+00
5.500000133175040468e-02 1.425762774686611944e+00
5.600000123072106789e-02 1.428335713236253079e+00
5.700000112969173111e-02 1.454723223259230869e+00
5.799999988060169226e-02 1.512126508140474224e+00
5.899999863151165341e-02 1.467869553560456453e+00
5.999999853048231663e-02 1.504705627058852135e+00
6.100000416975643464e-02 1.496613423329477666e+00
6.200000292066640967e-02 1.496355981361445320e+00
6.300000281963706594e-02 1.498641704128917951e+00
6.400000271860772916e-02 1.494803568826544637e+00
6.500000146951769031e-02 1.498319254975790438e+00
6.600000136848835353e-02 1.456292067281706348e+00
6.700000126745900286e-02 1.442744835203912057e+00
6.800000001836897789e-02 1.446802541555257005e+00
6.899999991733962723e-02 1.458476653705882198e+00
6.999999866824958838e-02 1.466554380419895276e+00
7.099999856722025160e-02 1.440734341059248136e+00
7.200000420649439736e-02 1.435998284949434156e+00
7.300000295740435852e-02 1.417599712430255732e+00
7.400000285637500785e-02 1.419621829129464219e+00
7.500000275534567107e-02 1.438815357290067487e+00
7.600000150625561834e-02 1.427108184729522167e+00
7.700000140522629544e-02 1.426287803326858006e+00
7.800000130419694477e-02 1.422079349618912136e+00
7.900000120316760799e-02 1.429495616683611026e+00
8.000000110213827120e-02 1.414163729713787454e+00
8.099999985304824623e-02 1.456791931015051222e+00
8.199999860395819351e-02 1.431953703988652959e+00
8.300000424323232540e-02 1.451457541495749348e+00
8.400000299414228655e-02 1.467962568805028623e+00
8.500000289311294976e-02 1.441771374600390176e+00
8.600000279208361298e-02 1.472891634273875150e+00
8.700000269105429007e-02 1.451152158773847844e+00
8.800000144196422347e-02 1.464780455281157634e+00
8.900000134093490056e-02 1.467518592446152903e+00
9.000000009184484784e-02 1.467191224858537035e+00
9.099999999081552493e-02 1.528876235814198736e+00
9.199999988978617427e-02 1.528078386386980236e+00
9.300000438099961797e-02 1.521079563490507214e+00
9.399999853966681251e-02 1.534920073568642795e+00
9.500000417894093052e-02 1.536858110209950556e+00
9.599999718954742300e-02 1.535545773886088039e+00
9.700000282882155489e-02 1.534916806416811053e+00
9.799999698748873556e-02 1.561080342645828622e+00
9.900000147870217926e-02 1.543667647003136523e+00
1.000000071179763111e-01 1.541556010300861868e+00
1.010000012766434918e-01 1.538352073558215238e+00
1.020000057678569216e-01 1.526322468326425374e+00
1.030000010745848182e-01 1.516870751758187863e+00
1.040000044177375599e-01 1.529162126920780462e+00
1.049999985764047405e-01 1.528510753841941572e+00
1.060000042156788863e-01 1.545271175252765250e+00
1.069999983743460670e-01 1.524371008438549779e+00
1.080000028655594968e-01 1.519756564174986835e+00
1.089999970242266775e-01 1.517825062046202378e+00
1.100000015154401350e-01 1.516009861410005044e+00
1.110000071547142531e-01 1.521160063854919420e+00
1.120000013133814337e-01 1.507482659271452086e+00
1.130000069526555656e-01 1.526807848399906131e+00
1.139999999632620581e-01 1.530787207157280116e+00
1.150000044544755018e-01 1.535110214658020000e+00
1.159999986131426825e-01 1.533338966759611566e+00
1.170000042524168143e-01 1.512639913317380236e+00
1.179999984110839950e-01 1.514230144361170982e+00
1.190000029022974248e-01 1.516404549547653025e+00
1.199999970609646333e-01 1.506987619147194701e+00
1.210000027002387513e-01 1.505730424454624572e+00
1.220000071914522088e-01 1.500184381232340325e+00
1.230000013501193895e-01 1.508341343121603728e+00
1.240000058413328193e-01 1.509023164643524817e+00
1.250000011480607021e-01 1.512848694237390212e+00
1.260000056392741319e-01 1.512146533137516569e+00
1.269999986498806244e-01 1.515945112160493657e+00
1.280000042891547563e-01 1.528117227446090354e+00
1.289999984478219508e-01 1.515368321779656524e+00
1.300000029390353806e-01 1.510026283640967026e+00
1.309999970977025752e-01 1.531078196925803603e+00
1.320000027369767071e-01 1.529213828732298053e+00
1.330000072281901369e-01 1.529715840835449425e+00
1.340000013868573314e-01 1.544166156773099763e+00
1.350000058780707612e-01 1.548651092422543840e+00
1.360000000367379558e-01 1.565706871960988789e+00
1.370000068240727897e-01 1.561509002695280035e+00
1.379999986866185802e-01 1.562410210745968975e+00
1.390000043258927120e-01 1.572156256731369162e+00
1.399999984845598788e-01 1.573904806625783470e+00
1.410000029757733364e-01 1.565093247921773179e+00
1.419999971344405032e-01 1.560099048731669269e+00
1.430000027737146351e-01 1.567668303192236712e+00
1.440000072649280649e-01 1.582278369961505282e+00
1.450000014235952595e-01 1.590044133537976467e+00
1.460000070628693913e-01 1.593875443756912702e+00
1.470000012215365859e-01 1.588130837671560158e+00
1.480000057127500157e-01 1.592073769375463854e+00
1.490000010194779123e-01 1.588970117233106549e+00
1.500000043626306401e-01 1.593171038635948777e+00
1.509999985212978346e-01 1.588986788629158209e+00
1.520000030125112644e-01 1.579255146278214283e+00
1.529999971711784590e-01 1.581775997415762358e+00
1.540000028104525909e-01 1.581350233572018427e+00
1.550000073016660207e-01 1.586897041704569578e+00
1.560000014603332152e-01 1.590311628412535816e+00
1.570000070996073471e-01 1.588951316320850848e+00
1.580000012582745417e-01 1.589794971813472069e+00
1.590000068975486736e-01 1.588365948853097454e+00
1.599999999081551660e-01 1.587983002235806129e+00
1.610000043993685681e-01 1.585960119319834938e+00
1.619999985580357627e-01 1.587787134547270051e+00
1.630000041973098945e-01 1.581021906918542497e+00
1.639999983559771168e-01 1.579233409130122334e+00
1.650000028471905467e-01 1.583272764282513734e+00
1.660000084864646508e-01 1.583066363562547041e+00
1.670000014970711433e-01 1.583427307273058471e+00
1.680000071363453029e-01 1.584292417516917517e+00
1.690000012950124697e-01 1.590404093987296319e+00
1.700000057862258995e-01 1.586941853764734622e+00
1.710000010929537961e-01 1.586825235142812263e+00
1.720000055841672260e-01 1.583167059281003430e+00
1.729999985947737184e-01 1.584818423932355280e+00
1.740000042340478503e-01 1.581564719873550962e+00
1.749999983927150449e-01 1.576900283419975901e+00
1.760000028839284747e-01 1.578793581642649935e+00
1.770000085232026066e-01 1.578964544885424814e+00
1.780000026818698011e-01 1.573429159762237406e+00
1.790000071730832309e-01 1.578686627928577391e+00
1.800000013317503977e-01 1.572622372103965160e+00
1.810000058229638276e-01 1.574212172401009635e+00
1.819999999816310499e-01 1.576783260872815839e+00
1.830000044728444797e-01 1.572099124148644167e+00
1.839999986315116742e-01 1.574859680328626776e+00
1.849999927901788410e-01 1.574589049047038003e+00
1.860000087619992359e-01 1.577839399138430299e+00
1.870000029206664027e-01 1.580973253805338707e+00
1.879999970793336250e-01 1.588187216142875613e+00
1.890000130511539922e-01 1.581983171990759551e+00
1.900000072098211867e-01 1.588195553166718677e+00
1.910000013684883535e-01 1.588698766544293539e+00
1.919999955271555481e-01 1.579987786660432159e+00
1.930000114989759152e-01 1.582900727719154022e+00
1.940000056576431098e-01 1.585338384782315035e+00
1.949999986682496023e-01 1.593988275135404864e+00
1.959999928269167691e-01 1.590089518367867161e+00
1.970000087987371917e-01 1.593454602506149342e+00
1.980000029574043585e-01 1.580999453936246413e+00
1.989999971160715531e-01 1.582933574048441372e+00
2.000000130878919202e-01 1.579759812762844717e+00
