# xlin
-2.020629999999999882e+01
-1.904749420289854811e+01
-1.788868840579710096e+01
-1.672988260869565025e+01
-1.557107681159420132e+01
-1.441227101449275239e+01
-1.325346521739130168e+01
-1.209465942028985275e+01
-1.093585362318840382e+01
-9.777047826086954885e+00
-8.618242028985505954e+00
-7.459436231884055246e+00
-6.300630434782606315e+00
-5.141824637681157384e+00
-3.983018840579706676e+00
-2.824213043478259522e+00
-1.665407246376808814e+00
-5.066014492753581067e-01
6.522043478260890481e-01
1.811010144927539756e+00
2.969815942028986910e+00
4.128621739130437618e+00
5.287427536231888325e+00
6.446233333333335480e+00
7.605039130434786188e+00
8.763844927536236895e+00
9.922650724637684050e+00
1.108145652173913476e+01
1.224026231884058546e+01
1.339906811594203617e+01
1.455787391304347977e+01
1.571667971014493048e+01
1.687548550724638119e+01
1.803429130434783190e+01
1.919309710144928260e+01
2.035190289855072621e+01
2.151070869565217691e+01
2.266951449275362762e+01
2.382832028985507833e+01
2.498712608695652904e+01
2.614593188405797264e+01
2.730473768115942335e+01
2.846354347826087405e+01
2.962234927536232476e+01
3.078115507246377547e+01
3.193996086956522618e+01
3.309876666666666978e+01
3.425757246376812049e+01
3.541637826086957119e+01
3.657518405797102190e+01
3.773398985507247261e+01
3.889279565217391621e+01
4.005160144927536692e+01
4.121040724637681762e+01
4.236921304347826833e+01
4.352801884057971904e+01
4.468682463768116975e+01
4.584563043478262045e+01
4.700443623188407116e+01
4.816324202898550766e+01
4.932204782608695837e+01
5.048085362318840907e+01
5.163965942028985978e+01
5.279846521739131049e+01
5.395727101449276120e+01
5.511607681159421190e+01
5.627488260869566261e+01
5.743368840579711332e+01
5.859249420289856403e+01
