# xlin
-2.028819999999999979e+01
-1.912702028985507141e+01
-1.796584057971014659e+01
-1.680466086956521821e+01
-1.564348115942028983e+01
-1.448230144927536145e+01
-1.332112173913043485e+01
-1.215994202898550824e+01
-1.099876231884057987e+01
-9.837582608695651487e+00
-8.676402898550724885e+00
-7.515223188405798282e+00
-6.354043478260869904e+00
-5.192863768115941525e+00
-4.031684057971016699e+00
-2.870504347826088321e+00
-1.709324637681159942e+00
-5.481449275362315632e-01
6.130347826086968155e-01
1.774214492753621641e+00
2.935394202898550020e+00
4.096573913043478399e+00
5.257753623188403225e+00
6.418933333333331603e+00
7.580113043478259982e+00
8.741292753623188361e+00
9.902472463768116739e+00
1.106365217391304157e+01
1.222483188405796639e+01
1.338601159420289477e+01
1.454719130434782315e+01
1.570837101449275153e+01
1.686955072463767991e+01
1.803073043478260828e+01
1.919191014492753666e+01
2.035308985507246504e+01
2.151426956521739342e+01
2.267544927536231469e+01
2.383662898550724307e+01
2.499780869565217145e+01
2.615898840579709983e+01
2.732016811594202821e+01
2.848134782608695659e+01
2.964252753623188497e+01
3.080370724637680624e+01
3.196488695652173462e+01
3.312606666666665944e+01
3.428724637681159493e+01
3.544842608695651620e+01
3.660960579710145169e+01
3.777078550724637296e+01
3.893196521739130844e+01
4.009314492753622972e+01
4.125432463768115099e+01
4.241550434782608647e+01
4.357668405797100775e+01
4.473786376811592902e+01
4.589904347826086450e+01
4.706022318840578578e+01
4.822140289855072126e+01
4.938258260869564253e+01
5.054376231884057802e+01
5.170494202898549929e+01
5.286612173913043478e+01
5.402730144927535605e+01
5.518848115942027732e+01
5.634966086956521281e+01
5.751084057971013408e+01
5.867202028985506956e+01
