# xlin
-3.999160743000000195e+01
-3.883243040304348170e+01
-3.767325337608696145e+01
-3.651407634913043410e+01
-3.535489932217391384e+01
-3.419572229521739359e+01
-3.303654526826087334e+01
-3.187736824130434954e+01
-3.071819121434782573e+01
-2.955901418739130548e+01
-2.839983716043478523e+01
-2.724066013347826143e+01
-2.608148310652174118e+01
-2.492230607956521737e+01
-2.376312905260869712e+01
-2.260395202565217332e+01
-2.144477499869565307e+01
-2.028559797173913282e+01
-1.912642094478260901e+01
-1.796724391782608876e+01
-1.680806689086956496e+01
-1.564888986391304471e+01
-1.448971283695652090e+01
-1.333053581000000065e+01
-1.217135878304348040e+01
-1.101218175608695660e+01
-9.853004729130436345e+00
-8.693827702173912542e+00
-7.534650675217392291e+00
-6.375473648260872039e+00
-5.216296621304344683e+00
-4.057119594347824432e+00
-2.897942567391304181e+00
-1.738765540434783929e+00
-5.795885134782636783e-01
5.795885134782636783e-01
1.738765540434783929e+00
2.897942567391304181e+00
4.057119594347824432e+00
5.216296621304351788e+00
6.375473648260872039e+00
7.534650675217392291e+00
8.693827702173912542e+00
9.853004729130432793e+00
1.101218175608696015e+01
1.217135878304348040e+01
1.333053581000000065e+01
1.448971283695652090e+01
1.564888986391304115e+01
1.680806689086956851e+01
1.796724391782608876e+01
1.912642094478260901e+01
2.028559797173912926e+01
2.144477499869565662e+01
2.260395202565217687e+01
2.376312905260869712e+01
2.492230607956521737e+01
2.608148310652174473e+01
2.724066013347825788e+01
2.839983716043478523e+01
2.955901418739131259e+01
3.071819121434782573e+01
3.187736824130435309e+01
3.303654526826086624e+01
3.419572229521739359e+01
3.535489932217392095e+01
3.651407634913043410e+01
3.767325337608696145e+01
3.883243040304347460e+01
