# xlin
-2.004639999999999844e+01
-1.889222898550724494e+01
-1.773805797101449144e+01
-1.658388695652173794e+01
-1.542971594202898444e+01
-1.427554492753623094e+01
-1.312137391304347744e+01
-1.196720289855072394e+01
-1.081303188405797044e+01
-9.658860869565216944e+00
-8.504689855072463445e+00
-7.350518840579709945e+00
-6.196347826086956445e+00
-5.042176811594202945e+00
-3.888005797101449446e+00
-2.733834782608695946e+00
-1.579663768115942446e+00
-4.254927536231889462e-01
7.286782608695645536e-01
1.882849275362318053e+00
3.037020289855071553e+00
4.191191304347825053e+00
5.345362318840578553e+00
6.499533333333332052e+00
7.653704347826085552e+00
8.807875362318839052e+00
9.962046376811592552e+00
1.111621739130434605e+01
1.227038840579709955e+01
1.342455942028985305e+01
1.457873043478260655e+01
1.573290144927536005e+01
1.688707246376811355e+01
1.804124347826086705e+01
1.919541449275362055e+01
2.034958550724637405e+01
2.150375652173912755e+01
2.265792753623188105e+01
2.381209855072463455e+01
2.496626956521738805e+01
2.612044057971014155e+01
2.727461159420289505e+01
2.842878260869564855e+01
2.958295362318840205e+01
3.073712463768115555e+01
3.189129565217390905e+01
3.304546666666666255e+01
3.419963768115941605e+01
3.535380869565216955e+01
3.650797971014492305e+01
3.766215072463767655e+01
3.881632173913043005e+01
3.997049275362318355e+01
4.112466376811593705e+01
4.227883478260869055e+01
4.343300579710144405e+01
4.458717681159419755e+01
4.574134782608695815e+01
4.689551884057970454e+01
4.804968985507245094e+01
4.920386086956521154e+01
5.035803188405797215e+01
5.151220289855071854e+01
5.266637391304346494e+01
5.382054492753622554e+01
5.497471594202898615e+01
5.612888695652173254e+01
5.728305797101447894e+01
5.843722898550723954e+01
