# Strain,n0,n1,n2,n3,n4
0.0 50018.0 1.0 11.0 5.0 653.0
0.0009999999999999387 50040.0 1.0 11.0 7.0 629.0
0.0020000000000000395 50013.0 0.0 15.0 4.0 656.0
0.0029999999999999784 50080.0 1.0 12.0 7.0 588.0
0.004000000000000079 50076.0 0.0 10.0 3.0 599.0
0.0050000000000000175 50077.0 0.0 8.0 8.0 595.0
0.005999999999999957 50077.0 0.0 10.0 6.0 595.0
0.007000000000000057 50066.0 0.0 10.0 2.0 610.0
0.007999999999999997 50045.0 1.0 14.0 3.0 625.0
0.008999999999999935 50059.0 2.0 9.0 7.0 611.0
0.010000000000000035 50052.0 2.0 9.0 7.0 618.0
0.010999999999999975 50022.0 1.0 10.0 2.0 653.0
0.012000000000000075 50027.0 1.0 11.0 2.0 647.0
0.013000000000000013 50073.0 1.0 10.0 6.0 598.0
0.013999999999999953 50045.0 3.0 10.0 8.0 622.0
0.015000000000000053 50050.0 0.0 16.0 3.0 619.0
0.015999999999999993 50037.0 3.0 6.0 6.0 636.0
0.016999999999999932 50024.0 1.0 11.0 4.0 648.0
0.018000000000000033 50112.0 0.0 6.0 6.0 564.0
0.01899999999999997 50035.0 0.0 13.0 6.0 634.0
0.02000000000000007 50038.0 1.0 4.0 4.0 641.0
0.02100000000000001 50088.0 1.0 8.0 7.0 584.0
0.02199999999999995 50062.0 0.0 10.0 4.0 612.0
0.023000000000000048 50062.0 1.0 11.0 1.0 613.0
0.023999999999999987 50023.0 3.0 18.0 6.0 638.0
0.02499999999999993 50075.0 0.0 9.0 8.0 596.0
0.026000000000000027 50093.0 0.0 11.0 8.0 576.0
0.026999999999999965 50061.0 1.0 9.0 8.0 609.0
0.028000000000000067 50044.0 1.0 16.0 4.0 623.0
0.029000000000000005 50059.0 0.0 14.0 13.0 602.0
0.029999999999999943 50083.0 0.0 11.0 3.0 591.0
0.031000000000000045 50041.0 0.0 14.0 2.0 631.0
0.03199999999999999 50089.0 0.0 15.0 6.0 578.0
0.032999999999999925 50087.0 2.0 10.0 2.0 587.0
0.03400000000000003 50038.0 0.0 15.0 6.0 629.0
0.03499999999999996 50096.0 0.0 11.0 4.0 577.0
0.03600000000000007 50103.0 0.0 8.0 4.0 573.0
0.037000000000000005 50041.0 1.0 11.0 5.0 630.0
0.03799999999999994 50082.0 0.0 11.0 3.0 592.0
0.03900000000000004 50070.0 0.0 9.0 5.0 604.0
0.03999999999999998 50070.0 0.0 9.0 2.0 607.0
0.04100000000000008 50049.0 2.0 14.0 3.0 620.0
0.04200000000000002 50052.0 0.0 12.0 3.0 621.0
0.04299999999999996 50106.0 0.0 9.0 4.0 569.0
0.04400000000000005 50119.0 2.0 10.0 4.0 553.0
0.045000000000000005 50110.0 0.0 10.0 5.0 563.0
0.04599999999999994 50096.0 1.0 7.0 4.0 580.0
0.047000000000000035 50093.0 0.0 14.0 4.0 577.0
0.04799999999999997 50086.0 0.0 13.0 0.0 589.0
0.04900000000000008 50146.0 0.0 12.0 3.0 527.0
0.05000000000000002 50143.0 0.0 13.0 1.0 531.0
0.050999999999999955 50104.0 0.0 12.0 6.0 566.0
0.05200000000000005 50143.0 0.0 14.0 4.0 527.0
0.05299999999999999 50128.0 0.0 15.0 4.0 541.0
0.0540000000000001 50114.0 0.0 8.0 3.0 563.0
0.055000000000000035 50140.0 1.0 12.0 3.0 532.0
0.05599999999999997 50102.0 0.0 16.0 2.0 568.0
0.05700000000000007 50121.0 0.0 13.0 2.0 552.0
0.05800000000000001 50099.0 1.0 11.0 2.0 575.0
0.05899999999999995 50122.0 0.0 14.0 1.0 551.0
0.06000000000000005 50117.0 0.0 15.0 4.0 552.0
0.06099999999999999 50115.0 0.0 13.0 4.0 556.0
0.06199999999999993 50138.0 0.0 15.0 2.0 533.0
0.06300000000000003 50132.0 0.0 16.0 3.0 537.0
0.06399999999999997 50162.0 0.0 16.0 5.0 505.0
0.06500000000000007 50164.0 0.0 16.0 0.0 508.0
0.066 50122.0 0.0 11.0 4.0 551.0
0.06699999999999995 50149.0 0.0 11.0 3.0 525.0
0.06800000000000006 50174.0 1.0 10.0 2.0 501.0
0.06899999999999999 50158.0 0.0 8.0 3.0 519.0
0.07000000000000008 50149.0 0.0 15.0 4.0 520.0
0.07100000000000002 50170.0 0.0 12.0 5.0 501.0
0.07199999999999995 50131.0 0.0 13.0 3.0 541.0
0.07300000000000006 50190.0 0.0 13.0 2.0 483.0
0.07400000000000001 50145.0 1.0 16.0 1.0 525.0
0.07499999999999994 50147.0 0.0 14.0 5.0 522.0
0.07600000000000004 50191.0 1.0 14.0 5.0 477.0
0.07699999999999999 50208.0 0.0 14.0 5.0 461.0
0.07800000000000008 50162.0 0.0 15.0 6.0 505.0
0.07900000000000003 50167.0 1.0 13.0 1.0 506.0
0.07999999999999996 50179.0 1.0 12.0 3.0 493.0
0.08100000000000006 50183.0 0.0 10.0 6.0 489.0
0.082 50166.0 0.0 12.0 3.0 507.0
0.08299999999999993 50167.0 0.0 18.0 2.0 501.0
0.08400000000000005 50181.0 1.0 24.0 4.0 478.0
0.08499999999999998 50161.0 0.0 15.0 6.0 506.0
0.08600000000000008 50161.0 1.0 18.0 7.0 501.0
0.08700000000000002 50159.0 0.0 12.0 3.0 514.0
0.08799999999999995 50181.0 0.0 17.0 7.0 483.0
0.08900000000000007 50203.0 0.0 14.0 5.0 466.0
0.09000000000000001 50191.0 1.0 15.0 3.0 478.0
0.09099999999999994 50209.0 0.0 12.0 3.0 464.0
0.09200000000000004 50213.0 1.0 18.0 2.0 454.0
0.09299999999999997 50188.0 0.0 17.0 4.0 479.0
0.09400000000000007 50165.0 1.0 19.0 4.0 499.0
0.09500000000000001 50197.0 0.0 16.0 7.0 468.0
0.09599999999999995 50190.0 0.0 14.0 2.0 482.0
0.09700000000000006 50205.0 1.0 14.0 2.0 466.0
0.09799999999999999 50234.0 2.0 17.0 3.0 432.0
0.09900000000000009 50228.0 1.0 17.0 3.0 439.0
0.10000000000000003 50226.0 0.0 12.0 1.0 449.0
0.10099999999999996 50252.0 1.0 18.0 2.0 415.0
0.10200000000000008 50177.0 0.0 16.0 3.0 492.0
0.10300000000000001 50207.0 4.0 14.0 4.0 459.0
0.10399999999999995 50219.0 2.0 11.0 4.0 452.0
0.10500000000000005 50205.0 3.0 14.0 3.0 463.0
0.10599999999999998 50198.0 2.0 17.0 3.0 468.0
0.1070000000000001 50193.0 2.0 19.0 3.0 471.0
0.10800000000000003 50193.0 0.0 12.0 5.0 478.0
0.10899999999999997 50179.0 0.0 11.0 5.0 493.0
0.11000000000000007 50243.0 1.0 14.0 2.0 428.0
0.111 50202.0 4.0 13.0 5.0 464.0
0.11200000000000011 50236.0 1.0 11.0 2.0 438.0
0.11300000000000004 50203.0 0.0 10.0 2.0 473.0
0.11399999999999999 50183.0 2.0 13.0 8.0 482.0
0.1150000000000001 50228.0 2.0 19.0 6.0 433.0
0.11600000000000002 50251.0 2.0 15.0 1.0 419.0
0.11699999999999997 50217.0 1.0 12.0 7.0 451.0
0.11800000000000009 50227.0 1.0 18.0 5.0 437.0
0.11900000000000001 50206.0 1.0 13.0 5.0 463.0
0.11999999999999997 50206.0 2.0 17.0 8.0 455.0
0.12100000000000002 50222.0 2.0 9.0 9.0 446.0
0.12199999999999998 50249.0 1.0 9.0 9.0 420.0
0.12300000000000008 50239.0 1.0 14.0 6.0 428.0
0.124 50270.0 2.0 10.0 5.0 401.0
0.12499999999999996 50213.0 4.0 15.0 5.0 451.0
0.12600000000000006 50225.0 1.0 19.0 6.0 437.0
0.127 50208.0 2.0 16.0 6.0 456.0
0.1280000000000001 50205.0 3.0 19.0 6.0 455.0
0.12900000000000003 50213.0 4.0 15.0 9.0 447.0
0.12999999999999998 50214.0 2.0 17.0 6.0 449.0
0.1310000000000001 50194.0 0.0 17.0 6.0 471.0
0.132 50228.0 4.0 12.0 3.0 441.0
0.13299999999999995 50224.0 1.0 21.0 2.0 440.0
0.13400000000000006 50203.0 2.0 19.0 5.0 459.0
0.135 50212.0 4.0 15.0 4.0 453.0
0.13600000000000012 50227.0 2.0 11.0 5.0 443.0
0.13700000000000004 50202.0 1.0 11.0 4.0 470.0
0.13799999999999998 50188.0 3.0 16.0 6.0 475.0
0.1390000000000001 50241.0 6.0 20.0 3.0 418.0
0.14 50219.0 5.0 15.0 5.0 444.0
0.14099999999999996 50228.0 4.0 12.0 6.0 438.0
0.14200000000000004 50237.0 4.0 15.0 4.0 428.0
0.143 50227.0 2.0 19.0 4.0 436.0
0.1440000000000001 50182.0 3.0 16.0 4.0 483.0
0.14500000000000002 50205.0 2.0 16.0 5.0 460.0
0.14599999999999996 50202.0 3.0 11.0 6.0 466.0
0.14700000000000008 50242.0 3.0 11.0 2.0 430.0
0.14800000000000002 50240.0 5.0 16.0 6.0 421.0
0.14899999999999994 50234.0 4.0 18.0 4.0 428.0
0.15000000000000005 50214.0 6.0 15.0 6.0 447.0
0.151 50237.0 7.0 17.0 5.0 422.0
0.15200000000000008 50226.0 5.0 19.0 2.0 436.0
0.15300000000000002 50196.0 6.0 11.0 5.0 470.0
0.15399999999999997 50213.0 2.0 19.0 5.0 449.0
0.15500000000000005 50222.0 6.0 19.0 4.0 437.0
0.156 50229.0 5.0 21.0 7.0 426.0
0.15700000000000014 50232.0 3.0 19.0 7.0 427.0
0.15800000000000006 50214.0 3.0 18.0 5.0 448.0
0.159 50198.0 3.0 14.0 4.0 469.0
0.16000000000000006 50227.0 5.0 18.0 7.0 431.0
0.16100000000000003 50195.0 5.0 18.0 7.0 463.0
0.16199999999999998 50235.0 2.0 14.0 5.0 432.0
0.16300000000000003 50222.0 3.0 17.0 3.0 443.0
0.164 50209.0 4.0 19.0 3.0 453.0
0.16499999999999992 50203.0 4.0 22.0 3.0 456.0
0.16600000000000004 50210.0 3.0 21.0 0.0 454.0
0.16699999999999998 50229.0 5.0 23.0 6.0 425.0
0.1680000000000001 50179.0 9.0 18.0 1.0 481.0
0.169 50210.0 4.0 22.0 7.0 445.0
0.16999999999999996 50263.0 6.0 20.0 3.0 396.0
0.17100000000000007 50175.0 3.0 27.0 3.0 480.0
0.172 50214.0 3.0 19.0 3.0 449.0
0.1730000000000001 50191.0 6.0 23.0 3.0 465.0
0.17400000000000004 50245.0 2.0 19.0 4.0 418.0
0.175 50213.0 4.0 20.0 6.0 445.0
0.17600000000000007 50211.0 2.0 17.0 5.0 453.0
0.17700000000000002 50213.0 5.0 24.0 6.0 440.0
0.17799999999999996 50226.0 5.0 20.0 4.0 433.0
0.17900000000000005 50240.0 1.0 23.0 4.0 420.0
0.18000000000000002 50242.0 2.0 25.0 3.0 416.0
0.18100000000000008 50245.0 2.0 23.0 4.0 414.0
0.18200000000000002 50254.0 0.0 13.0 4.0 417.0
0.18299999999999997 50241.0 2.0 22.0 6.0 417.0
0.18400000000000008 50240.0 5.0 20.0 6.0 417.0
0.185 50226.0 4.0 20.0 7.0 431.0
0.18600000000000003 50226.0 3.0 19.0 5.0 435.0
0.18700000000000006 50240.0 5.0 16.0 4.0 423.0
0.188 50195.0 4.0 15.0 8.0 466.0
0.189 50227.0 4.0 14.0 2.0 441.0
0.19000000000000003 50254.0 3.0 18.0 11.0 402.0
0.19099999999999998 50238.0 5.0 16.0 10.0 419.0
0.19200000000000006 50195.0 4.0 14.0 7.0 468.0
0.193 50214.0 4.0 18.0 4.0 448.0
0.19400000000000003 50227.0 1.0 19.0 6.0 435.0
0.19500000000000003 50222.0 3.0 23.0 3.0 437.0
0.19599999999999998 50261.0 1.0 14.0 7.0 405.0
0.197 50200.0 3.0 15.0 8.0 462.0
0.19800000000000004 50257.0 2.0 14.0 8.0 407.0
0.19899999999999995 50210.0 6.0 14.0 7.0 451.0
0.20000000000000007 50248.0 4.0 16.0 1.0 419.0
