# xlin
-2.004639999999999844e+01
-1.889222898550724494e+01
-1.773805797101449144e+01
-1.658388695652173794e+01
-1.542971594202898444e+01
-1.427554492753623094e+01
-1.312137391304347567e+01
-1.196720289855072217e+01
-1.081303188405796867e+01
-9.658860869565215168e+00
-8.504689855072461668e+00
-7.350518840579708169e+00
-6.196347826086952892e+00
-5.042176811594199393e+00
-3.888005797101445893e+00
-2.733834782608692393e+00
-1.579663768115938893e+00
-4.254927536231853935e-01
7.286782608695681063e-01
1.882849275362321606e+00
3.037020289855075106e+00
4.191191304347828606e+00
5.345362318840582105e+00
6.499533333333335605e+00
7.653704347826092658e+00
8.807875362318846157e+00
9.962046376811599657e+00
1.111621739130435316e+01
1.227038840579710666e+01
1.342455942028986016e+01
1.457873043478261366e+01
1.573290144927536716e+01
1.688707246376812066e+01
1.804124347826087416e+01
1.919541449275362766e+01
2.034958550724638116e+01
2.150375652173913466e+01
2.265792753623188815e+01
2.381209855072464165e+01
2.496626956521739515e+01
2.612044057971014865e+01
2.727461159420290215e+01
2.842878260869565565e+01
2.958295362318840915e+01
3.073712463768116265e+01
3.189129565217391615e+01
3.304546666666666965e+01
3.419963768115942315e+01
3.535380869565218376e+01
3.650797971014493726e+01
3.766215072463769076e+01
3.881632173913044426e+01
3.997049275362319776e+01
4.112466376811595126e+01
4.227883478260870476e+01
4.343300579710145826e+01
4.458717681159421176e+01
4.574134782608695815e+01
4.689551884057971876e+01
4.804968985507246515e+01
4.920386086956522576e+01
5.035803188405797215e+01
5.151220289855073275e+01
5.266637391304347915e+01
5.382054492753623975e+01
5.497471594202900036e+01
5.612888695652174675e+01
5.728305797101450736e+01
5.843722898550725375e+01
