# Strain,n0,n1,n2,n3,n4
0.0 50024.0 0.0 24.0 2.0 638.0
0.0009999998536430522 49980.0 0.0 22.0 3.0 683.0
0.0019999997072861044 50012.0 0.0 17.0 5.0 654.0
0.0029999995609291566 49996.0 0.0 20.0 0.0 672.0
0.004000000557985863 50052.0 0.0 17.0 1.0 618.0
0.005000000411628915 50013.0 1.0 20.0 7.0 647.0
0.006000000265271967 50034.0 1.0 18.0 1.0 634.0
0.0070000001189150195 50018.0 0.0 19.0 2.0 649.0
0.007999999972558071 50004.0 0.0 28.0 2.0 654.0
0.008999999826201125 50033.0 0.0 22.0 0.0 633.0
0.01000000082325783 50004.0 1.0 22.0 2.0 659.0
0.011000000676900884 50005.0 1.0 14.0 3.0 665.0
0.011999999387130282 50081.0 0.0 16.0 3.0 588.0
0.012999999240773333 50000.0 0.0 15.0 0.0 673.0
0.014000000237830039 49973.0 1.0 25.0 5.0 684.0
0.01500000009147309 49988.0 0.0 13.0 1.0 686.0
0.015999999945116146 50067.0 0.0 17.0 2.0 602.0
0.0169999997987592 50018.0 0.0 21.0 4.0 645.0
0.01799999965240225 50008.0 0.0 23.0 3.0 654.0
0.01900000064945896 50032.0 0.0 20.0 3.0 633.0
0.02000000050310201 50018.0 2.0 17.0 2.0 649.0
0.021000000356745062 50022.0 0.0 17.0 5.0 644.0
0.022000001353801767 50014.0 0.0 21.0 1.0 652.0
0.022999998920617513 50015.0 0.0 24.0 1.0 648.0
0.023999998774260563 50021.0 0.0 27.0 4.0 636.0
0.024999998627903613 50048.0 0.0 23.0 3.0 614.0
0.025999999624960322 49968.0 0.0 26.0 3.0 691.0
0.026999999478603376 50034.0 0.0 25.0 3.0 626.0
0.027999999332246426 50013.0 0.0 22.0 5.0 648.0
0.028999999185889476 50028.0 1.0 24.0 3.0 632.0
0.02999999903953253 50005.0 0.0 20.0 6.0 657.0
0.03100000003658924 49996.0 1.0 31.0 5.0 655.0
0.031999999890232285 50020.0 0.0 21.0 7.0 640.0
0.03299999974387534 50049.0 0.0 19.0 6.0 614.0
0.0339999995975184 50038.0 0.0 18.0 1.0 631.0
0.034999999451161445 50043.0 0.0 21.0 5.0 619.0
0.0359999993048045 50036.0 0.0 18.0 3.0 631.0
0.03700000030186121 50071.0 0.0 18.0 4.0 595.0
0.03800000015550426 50031.0 0.0 26.0 0.0 631.0
0.03900000000914731 50018.0 0.0 23.0 3.0 644.0
0.03999999986279036 50071.0 0.0 22.0 2.0 593.0
0.040999999716433415 50025.0 1.0 19.0 7.0 636.0
0.042000000713490124 50047.0 1.0 22.0 4.0 614.0
0.04300000056713318 50035.0 2.0 21.0 6.0 624.0
0.044000000420776224 50016.0 0.0 26.0 3.0 643.0
0.04500000027441928 50033.0 0.0 26.0 2.0 627.0
0.04599999784123503 50077.0 0.0 21.0 2.0 588.0
0.046999999981705384 50018.0 0.0 23.0 4.0 643.0
0.04799999754852113 50027.0 0.0 24.0 4.0 633.0
0.04900000083240514 50048.0 0.0 18.0 6.0 616.0
0.04999999839922089 50036.0 0.0 25.0 2.0 625.0
0.05100000053969125 50081.0 1.0 13.0 2.0 591.0
0.05199999810650699 50025.0 0.0 23.0 3.0 637.0
0.053000001390391 50031.0 0.0 26.0 0.0 631.0
0.05399999781379309 50059.0 0.0 25.0 5.0 599.0
0.05500000109767711 50061.0 0.0 19.0 2.0 606.0
0.05599999866449285 50049.0 0.0 16.0 0.0 623.0
0.05700000080496321 50035.0 0.0 18.0 2.0 633.0
0.05799999837177895 50084.0 0.0 13.0 2.0 589.0
0.05900000165566297 50053.0 0.0 17.0 3.0 615.0
0.059999998079065045 50041.0 0.0 26.0 3.0 618.0
0.06100000136294908 50068.0 1.0 15.0 3.0 601.0
0.061999998929764814 50064.0 0.0 16.0 2.0 606.0
0.06300000107023518 50050.0 0.0 15.0 0.0 623.0
0.06399999863705091 50096.0 0.0 19.0 1.0 572.0
0.06499999620386666 50088.0 0.0 22.0 2.0 576.0
0.06599999948775068 50074.0 1.0 22.0 3.0 588.0
0.06699999705456644 50070.0 0.0 22.0 0.0 596.0
0.0679999991950368 50106.0 0.0 13.0 0.0 569.0
0.06899999676185253 50068.0 0.0 18.0 0.0 602.0
0.06999999890232289 50060.0 1.0 17.0 2.0 608.0
0.07099999646913864 50037.0 0.0 10.0 1.0 640.0
0.07199999975302265 50061.0 0.0 21.0 3.0 603.0
0.07299999617642475 50084.0 1.0 21.0 0.0 582.0
0.07399999946030876 50108.0 2.0 14.0 0.0 564.0
0.07499999702712451 50103.0 2.0 14.0 0.0 569.0
0.07599999916759485 50085.0 0.0 10.0 0.0 593.0
0.0769999967344106 50113.0 2.0 15.0 0.0 558.0
0.07800000001829462 50082.0 0.0 15.0 1.0 590.0
0.07899999758511038 50126.0 2.0 12.0 0.0 548.0
0.07999999972558072 50083.0 1.0 20.0 0.0 584.0
0.08099999729239647 50115.0 4.0 9.0 1.0 559.0
0.08199999943286683 50114.0 4.0 11.0 1.0 558.0
0.08299999699968257 50154.0 2.0 14.0 3.0 515.0
0.08400000028356658 50088.0 0.0 9.0 2.0 589.0
0.08499999785038231 50096.0 2.0 16.0 0.0 574.0
0.08599999999085269 50143.0 2.0 17.0 2.0 524.0
0.08699999755766843 50151.0 0.0 13.0 1.0 523.0
0.08800000084155245 50147.0 3.0 15.0 1.0 522.0
0.0889999984083682 50118.0 4.0 15.0 1.0 550.0
0.09000000054883855 50137.0 2.0 16.0 1.0 532.0
0.09099999811565429 50127.0 1.0 8.0 4.0 548.0
0.09199999453905638 50144.0 0.0 14.0 2.0 528.0
0.0929999978229404 50147.0 1.0 15.0 1.0 524.0
0.09400000110682441 50158.0 1.0 13.0 3.0 513.0
0.09499999295657188 50163.0 0.0 9.0 3.0 513.0
0.09599999509704225 50158.0 3.0 15.0 0.0 512.0
0.09699999838092627 50145.0 2.0 12.0 1.0 528.0
0.09800000166481028 50122.0 2.0 16.0 1.0 547.0
0.09899999351455777 50139.0 4.0 12.0 1.0 532.0
0.09999999565502811 50187.0 1.0 14.0 1.0 485.0
0.10099999893891212 50179.0 2.0 12.0 0.0 495.0
0.1020000010793825 50152.0 1.0 11.0 0.0 524.0
0.10299999292912997 50196.0 1.0 13.0 0.0 478.0
0.10399999621301398 50194.0 0.0 12.0 3.0 479.0
0.10499999835348435 50150.0 1.0 13.0 3.0 521.0
0.10600000163736836 50171.0 1.0 13.0 2.0 501.0
0.10699999348711582 50153.0 2.0 11.0 1.0 521.0
0.10799999677099983 50152.0 2.0 14.0 2.0 518.0
0.10899999891147019 50230.0 1.0 19.0 2.0 436.0
0.11000000219535422 50205.0 0.0 12.0 2.0 469.0
0.11099999404510169 50219.0 2.0 16.0 1.0 450.0
0.11199999618557206 50216.0 1.0 11.0 2.0 458.0
0.11299999946945607 50163.0 2.0 14.0 3.0 506.0
0.11400000160992642 50222.0 1.0 15.0 5.0 445.0
0.11499999345967389 50160.0 0.0 17.0 4.0 507.0
0.11599999674355793 50204.0 1.0 15.0 3.0 465.0
0.11700000002744192 50222.0 1.0 9.0 2.0 454.0
0.11800000216791232 50202.0 2.0 11.0 1.0 472.0
0.11899999401765976 50162.0 2.0 15.0 5.0 504.0
0.11999999730154376 50208.0 1.0 16.0 2.0 461.0
0.12099999944201413 50228.0 3.0 16.0 4.0 437.0
0.12200000272589819 50189.0 1.0 12.0 4.0 482.0
0.12299999457564564 50235.0 1.0 14.0 3.0 435.0
0.12399999785952963 50229.0 4.0 9.0 3.0 443.0
0.125 50200.0 3.0 10.0 3.0 472.0
0.12600000214047036 50217.0 0.0 10.0 3.0 458.0
0.12699999513363147 50219.0 2.0 9.0 7.0 451.0
0.12799999727410183 50205.0 2.0 11.0 3.0 467.0
0.12900000055798588 50207.0 2.0 12.0 2.0 465.0
0.12999999240773333 50251.0 5.0 10.0 2.0 420.0
0.13099999454820369 50236.0 2.0 14.0 4.0 432.0
0.1319999978320877 50207.0 1.0 14.0 3.0 463.0
0.1330000011159717 50229.0 3.0 17.0 2.0 437.0
0.13399999296571918 50219.0 4.0 14.0 2.0 449.0
0.13499999510618957 50249.0 4.0 11.0 2.0 422.0
0.13599999839007357 50230.0 6.0 22.0 3.0 427.0
0.13700000053054393 50211.0 3.0 17.0 1.0 456.0
0.1379999923802914 50219.0 2.0 22.0 4.0 441.0
0.13899999566417542 50216.0 4.0 21.0 0.0 447.0
0.13999999780464578 50224.0 2.0 22.0 3.0 437.0
0.1410000010885298 50209.0 2.0 20.0 3.0 454.0
0.14199999293827728 50243.0 3.0 19.0 4.0 419.0
0.14299999622216128 50240.0 3.0 16.0 4.0 425.0
0.14399999836263164 50244.0 4.0 11.0 1.0 428.0
0.14500000164651566 50239.0 3.0 20.0 2.0 424.0
0.14599999349626314 50248.0 4.0 20.0 2.0 414.0
0.14699999678014714 50237.0 6.0 12.0 1.0 432.0
0.14799999892061752 50228.0 3.0 14.0 3.0 440.0
0.14900000106108788 50247.0 2.0 19.0 3.0 417.0
0.14999999291083532 50232.0 3.0 22.0 1.0 430.0
0.15099999619471935 50264.0 1.0 9.0 2.0 412.0
0.15199999947860338 50232.0 5.0 18.0 2.0 431.0
0.15300000161907373 50273.0 4.0 14.0 2.0 395.0
0.1539999934688212 50222.0 3.0 18.0 4.0 441.0
0.15499999675270523 50227.0 4.0 19.0 3.0 435.0
0.1559999988931756 50231.0 2.0 20.0 6.0 429.0
0.15700000217705962 50201.0 3.0 17.0 5.0 462.0
0.15799999402680706 50254.0 3.0 21.0 4.0 406.0
0.1589999973106911 50243.0 4.0 16.0 2.0 423.0
0.15999999945116145 50225.0 2.0 15.0 4.0 442.0
0.16099999130090892 50223.0 3.0 17.0 5.0 440.0
0.16199999458479294 50235.0 4.0 19.0 3.0 427.0
0.1629999967252633 50264.0 4.0 8.0 3.0 409.0
0.1640000000091473 50211.0 4.0 19.0 4.0 450.0
0.16499999185889477 50215.0 2.0 18.0 1.0 452.0
0.16599999514277877 50242.0 3.0 21.0 4.0 418.0
0.16699999728324916 50255.0 0.0 18.0 3.0 412.0
0.16800000056713316 50260.0 2.0 17.0 5.0 404.0
0.16899999241688066 50258.0 2.0 16.0 6.0 406.0
0.16999999570076466 50223.0 8.0 23.0 3.0 431.0
0.17099999784123504 50218.0 5.0 17.0 2.0 446.0
0.17199999998170537 50281.0 2.0 9.0 1.0 395.0
0.17299999183145284 50257.0 1.0 15.0 2.0 413.0
0.17399999511533687 50266.0 2.0 14.0 2.0 404.0
0.17499999725580723 50245.0 2.0 14.0 4.0 423.0
0.17600000053969123 50269.0 4.0 21.0 3.0 391.0
0.1769999923894387 50313.0 6.0 8.0 2.0 359.0
0.17799999567332273 50254.0 3.0 11.0 0.0 420.0
0.1789999978137931 50229.0 4.0 17.0 4.0 434.0
0.18000000109767714 50220.0 4.0 23.0 3.0 438.0
0.18099999294742458 50289.0 2.0 19.0 1.0 377.0
0.18199999623130858 50273.0 3.0 13.0 2.0 397.0
0.18299998693764238 50281.0 3.0 15.0 3.0 386.0
0.18399999022152644 50257.0 4.0 13.0 3.0 411.0
0.1849999923619968 50249.0 5.0 25.0 1.0 408.0
0.1859999956458808 50240.0 5.0 15.0 4.0 424.0
0.18699999892976482 50226.0 4.0 15.0 2.0 441.0
0.1880000010702352 50246.0 3.0 19.0 5.0 415.0
0.18900000435411918 50248.0 1.0 13.0 3.0 423.0
0.1899999847697301 50269.0 4.0 20.0 2.0 393.0
0.19099998805361415 50267.0 4.0 20.0 3.0 394.0
0.19199999133749812 50221.0 6.0 24.0 3.0 434.0
0.19299999462138218 50222.0 5.0 21.0 6.0 434.0
0.19399999676185253 50250.0 7.0 18.0 2.0 411.0
0.1949999989023229 50260.0 2.0 15.0 6.0 405.0
0.1960000021862069 50233.0 8.0 16.0 2.0 429.0
0.19700000432667727 50257.0 3.0 19.0 5.0 404.0
0.19799998588570186 50224.0 4.0 15.0 6.0 439.0
0.19899998802617222 50222.0 5.0 14.0 6.0 441.0
0.19999999131005622 50267.0 6.0 12.0 3.0 400.0
