# xlin
-2.018789999999999907e+01
-1.902962753623188163e+01
-1.787135507246376775e+01
-1.671308260869565032e+01
-1.555481014492753467e+01
-1.439653768115941901e+01
-1.323826521739130158e+01
-1.207999275362318592e+01
-1.092172028985507026e+01
-9.763447826086954606e+00
-8.605175362318838950e+00
-7.446902898550721517e+00
-6.288630434782605860e+00
-5.130357971014490204e+00
-3.972085507246372771e+00
-2.813813043478258891e+00
-1.655540579710141458e+00
-4.972681159420240249e-01
6.610043478260898553e-01
1.819276811594207288e+00
2.977549275362321168e+00
4.135821739130438601e+00
5.294094202898556034e+00
6.452366666666669914e+00
7.610639130434787347e+00
8.768911594202904780e+00
9.927184057971018660e+00
1.108545652173913609e+01
1.224372898550725353e+01
1.340200144927536741e+01
1.456027391304348129e+01
1.571854637681160227e+01
1.687681884057971615e+01
1.803509130434783003e+01
1.919336376811595102e+01
2.035163623188406490e+01
2.150990869565217878e+01
2.266818115942029976e+01
2.382645362318841364e+01
2.498472608695652752e+01
2.614299855072464140e+01
2.730127101449276239e+01
2.845954347826087627e+01
2.961781594202899015e+01
3.077608840579711114e+01
3.193436086956522502e+01
3.309263333333333890e+01
3.425090579710145988e+01
3.540917826086957376e+01
3.656745072463768764e+01
3.772572318840580863e+01
3.888399565217392251e+01
4.004226811594203639e+01
4.120054057971015737e+01
4.235881304347827125e+01
4.351708550724638513e+01
4.467535797101450612e+01
4.583363043478262000e+01
4.699190289855073388e+01
4.815017536231884776e+01
4.930844782608696164e+01
5.046672028985508973e+01
5.162499275362320361e+01
5.278326521739131749e+01
5.394153768115943137e+01
5.509981014492754525e+01
5.625808260869565913e+01
5.741635507246377301e+01
5.857462753623190110e+01
