# xlin
-1.995189999999999841e+01
-1.880046811594202794e+01
-1.764903623188405746e+01
-1.649760434782608698e+01
-1.534617246376811650e+01
-1.419474057971014602e+01
-1.304330869565217377e+01
-1.189187681159420329e+01
-1.074044492753623281e+01
-9.589013043478262333e+00
-8.437581159420291854e+00
-7.286149275362321376e+00
-6.134717391304349121e+00
-4.983285507246378643e+00
-3.831853623188408164e+00
-2.680421739130437686e+00
-1.528989855072467208e+00
-3.775579710144967294e-01
7.738739130434737490e-01
1.925305797101444227e+00
3.076737681159414706e+00
4.228169565217385184e+00
5.379601449275355662e+00
6.531033333333326141e+00
7.682465217391300172e+00
8.833897101449270650e+00
9.985328985507241129e+00
1.113676086956521161e+01
1.228819275362318209e+01
1.343962463768115256e+01
1.459105652173912304e+01
1.574248840579709352e+01
1.689392028985506400e+01
1.804535217391303448e+01
1.919678405797100496e+01
2.034821594202897543e+01
2.149964782608694591e+01
2.265107971014491639e+01
2.380251159420288687e+01
2.495394347826085735e+01
2.610537536231882783e+01
2.725680724637679830e+01
2.840823913043476878e+01
2.955967101449273926e+01
3.071110289855070974e+01
3.186253478260868022e+01
3.301396666666664714e+01
3.416539855072461762e+01
3.531683043478260231e+01
3.646826231884057279e+01
3.761969420289854327e+01
3.877112608695651375e+01
3.992255797101448422e+01
4.107398985507245470e+01
4.222542173913042518e+01
4.337685362318839566e+01
4.452828550724636614e+01
4.567971739130433662e+01
4.683114927536230709e+01
4.798258115942027757e+01
4.913401304347824805e+01
5.028544492753621853e+01
5.143687681159418901e+01
5.258830869565215949e+01
5.373974057971012996e+01
5.489117246376810044e+01
5.604260434782607092e+01
5.719403623188404140e+01
5.834546811594201188e+01
