# Strain,n0,n1,n2,n3,n4
0.0 50277.0 8.0 17.0 9.0 377.0
0.0010000000515476345 50309.0 4.0 24.0 4.0 347.0
0.002000000103095269 50310.0 3.0 21.0 8.0 346.0
0.0030000001546429036 50305.0 4.0 22.0 5.0 352.0
0.004000000206190538 50271.0 2.0 31.0 9.0 375.0
0.005000000257738172 50311.0 2.0 16.0 3.0 356.0
0.006000000309285807 50298.0 4.0 17.0 10.0 359.0
0.007000000360833441 50285.0 4.0 23.0 5.0 371.0
0.008000000412381074 50312.0 5.0 23.0 6.0 342.0
0.009000001609431697 50297.0 4.0 26.0 8.0 353.0
0.010000000515476346 50299.0 5.0 19.0 9.0 356.0
0.011000001712526965 50279.0 4.0 21.0 8.0 376.0
0.012000000618571614 50303.0 5.0 20.0 8.0 352.0
0.013000000670119248 50305.0 5.0 20.0 7.0 351.0
0.014000000721666883 50306.0 2.0 26.0 7.0 347.0
0.015000000773214516 50314.0 5.0 19.0 6.0 344.0
0.016000000824762148 50298.0 5.0 22.0 3.0 360.0
0.017000002021812774 50305.0 7.0 16.0 5.0 355.0
0.01800000207336041 50308.0 4.0 23.0 3.0 350.0
0.019000000979405057 50315.0 4.0 18.0 5.0 346.0
0.020000001030952688 50321.0 6.0 21.0 10.0 330.0
0.021000001082500323 50311.0 3.0 17.0 4.0 353.0
0.02200000113404796 50277.0 3.0 26.0 3.0 379.0
0.023000000040092606 50281.0 6.0 33.0 4.0 364.0
0.02400000009164024 50291.0 6.0 21.0 2.0 368.0
0.025000000143187876 50304.0 4.0 17.0 6.0 357.0
0.026000001340238495 50301.0 1.0 26.0 3.0 357.0
0.02700000139178613 50301.0 2.0 21.0 3.0 361.0
0.028000001443333766 50300.0 2.0 26.0 7.0 353.0
0.0290000014948814 50298.0 3.0 23.0 8.0 356.0
0.030000001546429032 50303.0 3.0 30.0 2.0 350.0
0.03100000274347966 50338.0 6.0 23.0 5.0 316.0
0.032000002795027294 50320.0 2.0 19.0 6.0 341.0
0.03300000284657493 50343.0 3.0 17.0 3.0 322.0
0.03400000404362555 50320.0 4.0 19.0 8.0 337.0
0.03500000294967019 50324.0 4.0 25.0 1.0 334.0
0.03600000300121783 50327.0 1.0 20.0 4.0 336.0
0.03700000076175949 50341.0 4.0 23.0 1.0 319.0
0.03800000081330712 50303.0 2.0 27.0 2.0 354.0
0.039000000864854764 50291.0 4.0 26.0 5.0 362.0
0.04000000206190538 50322.0 4.0 21.0 5.0 336.0
0.04100000211345301 50308.0 6.0 28.0 3.0 343.0
0.04200000216500065 50313.0 6.0 23.0 1.0 345.0
0.04300000221654828 50299.0 2.0 25.0 3.0 359.0
0.04400000226809592 50331.0 5.0 21.0 5.0 326.0
0.045000003465146536 50322.0 5.0 23.0 4.0 334.0
0.04600000008018521 50294.0 2.0 30.0 6.0 356.0
0.04700000013173285 50303.0 2.0 19.0 3.0 361.0
0.04800000018328048 50316.0 3.0 27.0 5.0 337.0
0.0490000013803311 50313.0 4.0 26.0 4.0 341.0
0.050000001431878736 50334.0 3.0 22.0 5.0 324.0
0.051000001483426365 50313.0 2.0 24.0 5.0 344.0
0.05200000153497401 50300.0 2.0 31.0 4.0 351.0
0.05300000158652164 50316.0 2.0 28.0 3.0 339.0
0.05400000278357226 50346.0 2.0 24.0 3.0 313.0
0.055000002835119896 50314.0 5.0 22.0 8.0 339.0
0.05600000288666753 50335.0 5.0 27.0 4.0 317.0
0.05700000408371815 50326.0 3.0 28.0 8.0 323.0
0.05800000298976279 50323.0 4.0 23.0 3.0 335.0
0.059000003041310436 50339.0 2.0 18.0 5.0 324.0
0.060000003092858065 50350.0 2.0 18.0 1.0 317.0
0.0610000042899087 50331.0 3.0 25.0 4.0 325.0
0.062000004341456326 50364.0 3.0 18.0 8.0 295.0
0.06300000439300396 50309.0 4.0 22.0 5.0 348.0
0.06400000444455159 50338.0 4.0 23.0 8.0 315.0
0.06500000449609923 50330.0 5.0 21.0 2.0 330.0
0.06600000569314984 50339.0 3.0 24.0 3.0 319.0
0.06700000459919449 50378.0 4.0 21.0 3.0 282.0
0.06800000579624513 50342.0 5.0 23.0 4.0 314.0
0.06900000584779274 50366.0 4.0 16.0 8.0 294.0
0.07000000589934038 50358.0 3.0 20.0 5.0 302.0
0.07100000595088801 50361.0 0.0 20.0 4.0 303.0
0.07200000600243565 50353.0 2.0 29.0 2.0 302.0
0.07300000147197135 50346.0 4.0 17.0 5.0 316.0
0.07400000152351897 50397.0 0.0 15.0 2.0 274.0
0.07500000157506662 50349.0 5.0 17.0 5.0 312.0
0.07600000162661424 50374.0 3.0 20.0 4.0 287.0
0.07700000282366486 50347.0 3.0 22.0 5.0 311.0
0.0780000028752125 50345.0 2.0 25.0 3.0 313.0
0.07900000292676013 50363.0 5.0 26.0 2.0 292.0
0.08000000412381075 50370.0 6.0 17.0 2.0 293.0
0.08100000302985541 50340.0 6.0 17.0 4.0 321.0
0.08200000308140304 50372.0 7.0 17.0 8.0 284.0
0.08300000313295068 50381.0 8.0 15.0 2.0 282.0
0.0840000043300013 50362.0 5.0 21.0 6.0 294.0
0.08500000438154892 50345.0 9.0 23.0 6.0 305.0
0.08600000443309656 50379.0 9.0 25.0 2.0 273.0
0.08700000448464419 50379.0 6.0 19.0 3.0 281.0
0.08800000453619183 50354.0 8.0 23.0 5.0 298.0
0.08900000573324245 50352.0 5.0 23.0 6.0 302.0
0.0900000046392871 50368.0 7.0 22.0 3.0 288.0
0.09100000583633772 50376.0 6.0 22.0 2.0 282.0
0.09200000016037042 50365.0 8.0 27.0 2.0 286.0
0.09300000593943299 50357.0 3.0 23.0 5.0 300.0
0.0940000002634657 50390.0 7.0 28.0 7.0 256.0
0.09500000604252826 50375.0 7.0 34.0 4.0 268.0
0.09600000151206395 50390.0 6.0 22.0 0.0 270.0
0.09700000729112651 50365.0 4.0 21.0 6.0 292.0
0.09800000161515922 50377.0 4.0 21.0 9.0 277.0
0.0990000073942218 50348.0 4.0 24.0 5.0 307.0
0.10000000286375747 50382.0 2.0 21.0 2.0 281.0
0.10100000864282005 50366.0 7.0 15.0 4.0 296.0
0.10200000296685273 50370.0 5.0 20.0 2.0 291.0
0.10300000874591529 50400.0 7.0 25.0 6.0 250.0
0.10400000306994801 50389.0 6.0 22.0 0.0 271.0
0.10500000884901058 50367.0 6.0 29.0 3.0 283.0
0.10600000317304328 50399.0 3.0 26.0 2.0 258.0
0.10700000895210585 50404.0 4.0 17.0 2.0 261.0
0.10800000442164154 50366.0 4.0 21.0 8.0 289.0
0.1090000102007041 50387.0 6.0 21.0 8.0 266.0
0.1100000045247368 50393.0 8.0 19.0 3.0 265.0
0.11100001030379937 50406.0 3.0 18.0 3.0 258.0
0.11200000577333506 50380.0 5.0 32.0 9.0 262.0
0.11300001155239763 50411.0 5.0 21.0 7.0 244.0
0.11400000587643032 50381.0 5.0 23.0 2.0 277.0
0.11500001165549288 50395.0 8.0 24.0 6.0 255.0
0.11600000597952558 50393.0 4.0 23.0 6.0 262.0
0.11700000030355831 50409.0 1.0 26.0 8.0 244.0
0.11800000608262087 50385.0 4.0 17.0 4.0 278.0
0.11900000155215656 50403.0 5.0 22.0 7.0 251.0
0.12000000733121913 50378.0 3.0 28.0 6.0 273.0
0.12100000165525182 50360.0 6.0 27.0 6.0 289.0
0.12200000743431438 50387.0 3.0 29.0 3.0 266.0
0.12300000290385008 50386.0 2.0 23.0 6.0 271.0
0.12400000868291264 50391.0 4.0 28.0 0.0 265.0
0.12500000300694533 50393.0 3.0 30.0 2.0 260.0
0.12600000878600792 50360.0 4.0 31.0 5.0 288.0
0.12700000311004062 50393.0 8.0 33.0 2.0 252.0
0.12800000888910318 50404.0 3.0 26.0 1.0 254.0
0.12900000321313584 50423.0 6.0 18.0 3.0 238.0
0.13000000899219846 50381.0 6.0 37.0 4.0 260.0
0.13100000446173415 50389.0 3.0 28.0 5.0 263.0
0.13200001024079674 50421.0 7.0 22.0 1.0 237.0
0.1330000045648294 50383.0 5.0 22.0 2.0 276.0
0.13400001034389197 50387.0 4.0 23.0 2.0 272.0
0.13500000581342766 50394.0 5.0 23.0 3.0 263.0
0.13600001159249023 50399.0 6.0 29.0 2.0 252.0
0.13700000591652292 50397.0 5.0 24.0 1.0 261.0
0.13800001169558548 50392.0 7.0 28.0 3.0 258.0
0.1390000060196182 50397.0 3.0 27.0 2.0 259.0
0.14000001179868077 50385.0 7.0 29.0 6.0 261.0
0.14100000612271343 50395.0 5.0 19.0 5.0 264.0
0.14200001190177602 50365.0 6.0 46.0 7.0 264.0
0.14300000737131172 50390.0 6.0 31.0 8.0 253.0
0.1440000131503743 50398.0 6.0 21.0 3.0 260.0
0.145000007474407 50415.0 3.0 21.0 5.0 244.0
0.14600000294394266 50372.0 8.0 29.0 8.0 271.0
0.14700000872300525 50388.0 3.0 29.0 8.0 260.0
0.14800000304703795 50408.0 6.0 29.0 6.0 239.0
0.1490000088261005 50363.0 7.0 23.0 8.0 287.0
0.15000000315013323 50429.0 4.0 16.0 5.0 234.0
0.1510000089291958 50401.0 6.0 28.0 7.0 246.0
0.1520000032532285 50374.0 5.0 38.0 10.0 261.0
0.15300000903229105 50393.0 4.0 26.0 9.0 256.0
0.15400000450182674 50408.0 5.0 24.0 9.0 242.0
0.15500001028088928 50394.0 4.0 22.0 8.0 260.0
0.156000004604922 50382.0 4.0 31.0 6.0 265.0
0.1570000103839846 50422.0 5.0 26.0 6.0 229.0
0.15800000585352025 50387.0 6.0 22.0 8.0 265.0
0.15900001163258282 50378.0 6.0 24.0 10.0 270.0
0.16000000595661554 50360.0 4.0 31.0 10.0 283.0
0.1610000117356781 50360.0 8.0 33.0 4.0 283.0
0.1620000060597108 50371.0 3.0 32.0 8.0 274.0
0.16300001183877338 50378.0 4.0 32.0 5.0 269.0
0.16400000616280608 50400.0 4.0 25.0 11.0 248.0
0.16500001194186864 50371.0 9.0 29.0 5.0 274.0
0.16600000741140433 50403.0 3.0 23.0 8.0 251.0
0.1670000131904669 50383.0 7.0 36.0 6.0 256.0
0.1680000075144996 50373.0 5.0 22.0 6.0 282.0
0.16900001329356218 50365.0 5.0 27.0 10.0 281.0
0.17000000876309784 50403.0 5.0 14.0 11.0 255.0
0.17100001454216043 50402.0 8.0 19.0 8.0 251.0
0.17200000886619313 50404.0 4.0 24.0 4.0 252.0
0.1730000146452557 50407.0 2.0 27.0 7.0 245.0
0.17400000896928838 50372.0 5.0 26.0 9.0 276.0
0.1750000032933211 50379.0 1.0 26.0 2.0 280.0
0.17600000907238367 50394.0 0.0 26.0 8.0 260.0
0.17700000454191936 50369.0 1.0 23.0 8.0 287.0
0.17800001032098192 50409.0 6.0 26.0 4.0 243.0
0.17900000464501462 50367.0 3.0 28.0 6.0 284.0
0.18000001042407718 50424.0 5.0 22.0 4.0 233.0
0.18100000589361287 50388.0 10.0 28.0 2.0 260.0
0.18200001167267543 50402.0 7.0 31.0 5.0 243.0
0.18300000599670815 50406.0 3.0 28.0 3.0 248.0
0.18400000032074085 50381.0 4.0 27.0 6.0 270.0
0.18500001755483325 50372.0 6.0 33.0 6.0 271.0
0.18600001187886597 50397.0 8.0 36.0 6.0 241.0
0.1870000062028987 50392.0 7.0 31.0 6.0 252.0
0.18800000167243436 50404.0 9.0 24.0 10.0 241.0
0.18900001776102382 50377.0 4.0 35.0 7.0 265.0
0.1900000132305595 50385.0 6.0 31.0 8.0 258.0
0.19100000755459218 50409.0 5.0 36.0 6.0 232.0
0.1920000030241279 50387.0 3.0 35.0 2.0 261.0
0.19300002025822033 50394.0 6.0 30.0 7.0 251.0
0.19400001458225302 50379.0 3.0 35.0 2.0 269.0
0.19500000890628574 50424.0 4.0 24.0 2.0 234.0
0.19600000323031844 50388.0 7.0 38.0 7.0 248.0
0.19700002046441087 50400.0 7.0 37.0 7.0 237.0
0.1980000147884436 50405.0 6.0 32.0 6.0 239.0
0.19900000911247626 50372.0 6.0 33.0 5.0 272.0
0.20000000458201195 50421.0 3.0 28.0 2.0 234.0
