# Strain,n0,n1,n2,n3,n4
0.0 50304.0 4.0 18.0 7.0 355.0
0.0010000000275294401 50272.0 4.0 20.0 7.0 385.0
0.00200000005505888 50347.0 4.0 17.0 3.0 317.0
0.00300000008258832 50326.0 4.0 14.0 7.0 337.0
0.0040000001101177605 50314.0 6.0 22.0 6.0 340.0
0.0050000001376472 50284.0 9.0 18.0 8.0 369.0
0.00600000016517664 50311.0 5.0 20.0 6.0 346.0
0.00700000019270608 50258.0 4.0 22.0 6.0 398.0
0.008000000220235521 50307.0 5.0 19.0 12.0 345.0
0.00900000024776496 50335.0 2.0 13.0 10.0 328.0
0.0100000002752944 50351.0 5.0 14.0 5.0 313.0
0.01100000030282384 50283.0 4.0 17.0 5.0 379.0
0.01200000033035328 50259.0 5.0 18.0 11.0 395.0
0.013000001504942722 50311.0 3.0 20.0 5.0 349.0
0.01400000038541216 50305.0 4.0 14.0 6.0 359.0
0.0150000004129416 50314.0 5.0 16.0 7.0 346.0
0.016000000440471042 50316.0 5.0 15.0 5.0 347.0
0.017000000468000476 50315.0 4.0 24.0 9.0 336.0
0.01800000164258992 50287.0 3.0 22.0 8.0 368.0
0.01900000052305936 50293.0 5.0 18.0 6.0 366.0
0.0200000005505888 50285.0 4.0 18.0 8.0 373.0
0.021000000578118242 50343.0 2.0 19.0 6.0 318.0
0.02200000060564768 50309.0 3.0 19.0 9.0 348.0
0.023000000633177118 50303.0 8.0 25.0 10.0 342.0
0.024000001807766562 50324.0 5.0 16.0 10.0 333.0
0.025000001835296003 50306.0 6.0 18.0 5.0 353.0
0.026000001862825445 50290.0 4.0 22.0 5.0 367.0
0.02699999959623488 50327.0 4.0 14.0 10.0 333.0
0.027999999623764316 50295.0 4.0 24.0 11.0 354.0
0.029000000798353763 50336.0 3.0 15.0 5.0 329.0
0.0300000008258832 50337.0 2.0 20.0 10.0 319.0
0.031000000853412635 50292.0 3.0 20.0 6.0 367.0
0.03200000088094208 50337.0 4.0 17.0 5.0 325.0
0.03300000090847152 50322.0 4.0 19.0 5.0 338.0
0.03400000093600096 50330.0 2.0 18.0 7.0 331.0
0.0350000021105904 50338.0 5.0 14.0 6.0 325.0
0.036000002138119845 50316.0 5.0 15.0 8.0 344.0
0.03700000216564928 50340.0 3.0 22.0 10.0 313.0
0.03799999989905872 50293.0 5.0 22.0 7.0 361.0
0.03899999992658816 50343.0 5.0 19.0 11.0 310.0
0.040000001101177594 50347.0 4.0 22.0 3.0 312.0
0.04100000112870704 50315.0 5.0 17.0 7.0 344.0
0.042000001156236484 50327.0 1.0 19.0 11.0 330.0
0.04300000118376592 50342.0 3.0 14.0 7.0 322.0
0.04400000235835536 50332.0 5.0 15.0 4.0 332.0
0.0450000035329448 50347.0 1.0 23.0 4.0 313.0
0.046000002413414245 50313.0 4.0 21.0 6.0 344.0
0.04700000014682367 50314.0 5.0 24.0 7.0 338.0
0.04800000246847313 50338.0 6.0 18.0 7.0 319.0
0.049000000201882554 50315.0 6.0 16.0 6.0 345.0
0.05000000367059201 50317.0 9.0 17.0 5.0 340.0
0.05100000140400145 50332.0 3.0 20.0 5.0 328.0
0.05200000372565089 50331.0 5.0 29.0 4.0 319.0
0.053000001459060316 50323.0 7.0 20.0 7.0 331.0
0.05399999919246976 50348.0 4.0 17.0 10.0 309.0
0.05500000266117921 50344.0 5.0 19.0 7.0 313.0
0.05599999924752863 50322.0 6.0 23.0 5.0 332.0
0.057000003863298086 50363.0 5.0 18.0 4.0 298.0
0.05800000044964751 50310.0 5.0 20.0 10.0 343.0
0.05900000277129696 50349.0 2.0 20.0 4.0 313.0
0.060000000504706406 50335.0 5.0 19.0 6.0 323.0
0.06100000397341585 50328.0 3.0 22.0 9.0 326.0
0.062000001706825285 50358.0 4.0 28.0 9.0 289.0
0.06300000402847472 50352.0 5.0 14.0 5.0 312.0
0.06400000176188415 50338.0 4.0 13.0 5.0 328.0
0.0649999994952936 50371.0 4.0 21.0 8.0 284.0
0.06600000296400305 50335.0 5.0 14.0 7.0 327.0
0.06699999955035248 50342.0 5.0 23.0 6.0 312.0
0.06800000416612192 50377.0 3.0 15.0 5.0 288.0
0.06900000075247135 50347.0 4.0 30.0 5.0 302.0
0.07000000307412081 50359.0 3.0 22.0 6.0 298.0
0.07100000080753024 50337.0 1.0 22.0 5.0 323.0
0.07200000427623968 50347.0 3.0 22.0 8.0 308.0
0.07300000200964912 50351.0 6.0 15.0 3.0 313.0
0.07400000547835857 50350.0 3.0 18.0 11.0 306.0
0.075000002064708 50355.0 4.0 18.0 4.0 307.0
0.07599999979811745 50365.0 7.0 20.0 8.0 288.0
0.07700000326682688 50354.0 3.0 26.0 4.0 301.0
0.07800000100023632 50357.0 1.0 19.0 9.0 302.0
0.07900000446894577 50333.0 3.0 22.0 11.0 319.0
0.0800000022023552 50361.0 9.0 17.0 2.0 299.0
0.08100000337694464 50340.0 5.0 20.0 3.0 320.0
0.08200000111035408 50382.0 1.0 19.0 4.0 282.0
0.08300000457906352 50346.0 1.0 25.0 5.0 311.0
0.08400000231247297 50350.0 3.0 15.0 7.0 313.0
0.08500000463412241 50353.0 4.0 24.0 8.0 299.0
0.08600000236753184 50368.0 7.0 26.0 9.0 278.0
0.08700000010094126 50362.0 6.0 24.0 4.0 292.0
0.08800000356965072 50381.0 3.0 21.0 12.0 271.0
0.08900000130306014 50354.0 1.0 22.0 7.0 304.0
0.0900000047717696 50354.0 4.0 13.0 5.0 312.0
0.09100000250517905 50360.0 0.0 10.0 4.0 314.0
0.09200000482682849 50352.0 4.0 20.0 10.0 302.0
0.09300000141317792 50406.0 1.0 17.0 8.0 256.0
0.09399999914658735 50360.0 4.0 21.0 6.0 297.0
0.09500000835059681 50386.0 4.0 17.0 6.0 275.0
0.09600000608400625 50380.0 3.0 18.0 3.0 284.0
0.09700000267035569 50380.0 7.0 18.0 7.0 276.0
0.09800000040376511 50380.0 3.0 22.0 4.0 279.0
0.09899999813717454 50388.0 3.0 18.0 14.0 265.0
0.10000000734118401 50370.0 2.0 24.0 7.0 285.0
0.10100000392753344 50373.0 3.0 27.0 9.0 276.0
0.1020000028080029 50359.0 5.0 24.0 6.0 294.0
0.10300000054141233 50365.0 1.0 23.0 3.0 296.0
0.10400000745130178 50380.0 3.0 18.0 4.0 283.0
0.10500000518471121 50376.0 1.0 18.0 4.0 289.0
0.10600000291812063 50377.0 7.0 23.0 7.0 274.0
0.10700000065153009 50387.0 3.0 23.0 5.0 270.0
0.10799999838493952 50387.0 2.0 19.0 8.0 272.0
0.10900000644188897 50386.0 2.0 22.0 6.0 272.0
0.1100000041752984 50388.0 1.0 29.0 5.0 265.0
0.11100000190870785 50396.0 4.0 13.0 4.0 271.0
0.11199999964211728 50393.0 4.0 18.0 5.0 268.0
0.11300000769906673 50411.0 4.0 18.0 4.0 251.0
0.11400000543247615 50373.0 2.0 17.0 6.0 290.0
0.11500000316588561 50396.0 3.0 21.0 5.0 263.0
0.11599999975223504 50397.0 6.0 24.0 8.0 253.0
0.11700000895624449 50405.0 2.0 19.0 8.0 254.0
0.11800000668965392 50398.0 6.0 20.0 6.0 258.0
0.11900000442306337 50405.0 5.0 25.0 5.0 248.0
0.12000000100941281 50385.0 3.0 26.0 8.0 266.0
0.12099999874282225 50402.0 6.0 26.0 4.0 250.0
0.1220000079468317 50397.0 4.0 18.0 5.0 264.0
0.12300000568024114 50396.0 5.0 23.0 6.0 258.0
0.12400000226659057 50377.0 1.0 26.0 7.0 277.0
0.12500000114706 50382.0 4.0 27.0 9.0 266.0
0.12600000805694944 50391.0 2.0 31.0 7.0 257.0
0.1270000057903589 50393.0 3.0 23.0 5.0 264.0
0.12800000352376836 50403.0 1.0 29.0 4.0 251.0
0.12900000125717775 50398.0 4.0 22.0 7.0 257.0
0.1299999989905872 50388.0 3.0 24.0 7.0 266.0
0.13100000704753667 50375.0 4.0 27.0 9.0 273.0
0.1320000047809461 50368.0 7.0 23.0 6.0 284.0
0.1330000025143555 50371.0 6.0 31.0 8.0 272.0
0.13400000024776496 50409.0 1.0 18.0 8.0 252.0
0.13500000830471445 50384.0 1.0 30.0 9.0 264.0
0.13600000603812384 50399.0 5.0 25.0 11.0 248.0
0.1370000037715333 50393.0 4.0 26.0 11.0 254.0
0.1380000015049427 50408.0 6.0 27.0 7.0 240.0
0.13899999809129215 50392.0 4.0 27.0 7.0 258.0
0.14000000729530163 50405.0 6.0 32.0 10.0 235.0
0.14100000502871105 50408.0 9.0 29.0 6.0 236.0
0.14200000276212046 50400.0 4.0 23.0 10.0 251.0
0.1429999993484699 50397.0 7.0 25.0 6.0 253.0
0.14400000855247938 50397.0 9.0 22.0 12.0 248.0
0.1450000062858888 50353.0 10.0 34.0 6.0 285.0
0.14600000401929825 50371.0 6.0 28.0 7.0 276.0
0.14700000060564766 50410.0 1.0 25.0 9.0 243.0
0.1480000109567171 50397.0 8.0 30.0 9.0 244.0
0.14900000639600658 50369.0 8.0 31.0 7.0 273.0
0.150000004129416 50386.0 8.0 33.0 6.0 255.0
0.15100000186282544 50379.0 8.0 31.0 5.0 265.0
0.1519999995962349 50388.0 7.0 24.0 8.0 261.0
0.15300000765318433 50400.0 4.0 27.0 8.0 249.0
0.15400000538659378 50383.0 4.0 25.0 5.0 271.0
0.15500000312000317 50407.0 8.0 25.0 8.0 240.0
0.15600000085341265 50376.0 6.0 25.0 6.0 275.0
0.1570000089103621 50410.0 7.0 33.0 5.0 233.0
0.15800000664377153 50388.0 3.0 26.0 7.0 264.0
0.15900000437718095 50368.0 4.0 25.0 12.0 279.0
0.1600000021105904 50377.0 6.0 30.0 9.0 266.0
0.16099999984399985 50391.0 2.0 30.0 8.0 257.0
0.1620000079009493 50368.0 8.0 29.0 7.0 276.0
0.16300000563435876 50381.0 6.0 22.0 7.0 272.0
0.16400000336776818 50397.0 4.0 27.0 4.0 256.0
0.1650000011011776 50371.0 4.0 34.0 8.0 271.0
0.16600000915812704 50391.0 3.0 28.0 5.0 261.0
0.1670000068915365 50419.0 5.0 27.0 4.0 233.0
0.16800000462494594 50400.0 7.0 29.0 7.0 245.0
0.16900000235835536 50414.0 3.0 23.0 9.0 239.0
0.1700000104153048 50402.0 5.0 28.0 4.0 249.0
0.17100000929577425 50409.0 5.0 34.0 7.0 233.0
0.1720000047350637 50420.0 4.0 17.0 4.0 243.0
0.1730000024684731 50393.0 9.0 30.0 8.0 248.0
0.17400000020188255 50402.0 6.0 32.0 10.0 238.0
0.17500000940589203 50425.0 4.0 21.0 3.0 235.0
0.17600000599224144 50412.0 6.0 28.0 6.0 236.0
0.17700000372565086 50398.0 4.0 26.0 8.0 252.0
0.1780000014590603 50406.0 4.0 28.0 6.0 244.0
0.17900001066306978 50410.0 8.0 32.0 6.0 232.0
0.1800000072494192 50405.0 3.0 30.0 5.0 245.0
0.18100000498282867 50406.0 8.0 38.0 9.0 227.0
0.1820000027162381 50403.0 1.0 33.0 3.0 248.0
0.1830000004496475 50369.0 5.0 38.0 8.0 268.0
0.18400000850659695 50423.0 5.0 25.0 4.0 231.0
0.1850000062400064 50400.0 6.0 26.0 8.0 248.0
0.18600000397341587 50387.0 1.0 41.0 4.0 255.0
0.18700000170682526 50388.0 10.0 36.0 9.0 245.0
0.1879999994402347 50393.0 8.0 27.0 7.0 253.0
0.18899999602658415 50397.0 6.0 32.0 8.0 245.0
0.19000001555413362 50393.0 10.0 32.0 7.0 246.0
0.19100001328754307 50396.0 6.0 29.0 8.0 249.0
0.1920000110209525 50384.0 6.0 33.0 9.0 256.0
0.19300000875436193 50367.0 5.0 33.0 10.0 273.0
0.19400000534071138 50408.0 4.0 32.0 4.0 240.0
0.19500000307412083 50373.0 6.0 35.0 9.0 265.0
0.19600000080753022 50352.0 4.0 34.0 7.0 291.0
0.1969999985409397 50372.0 7.0 32.0 5.0 272.0
0.19799999627434908 50401.0 5.0 34.0 7.0 241.0
0.1990000158018986 50403.0 3.0 42.0 10.0 230.0
0.200000013535308 50414.0 7.0 26.0 6.0 235.0
