# xlin
-2.018919999999999959e+01
-1.903088985507246278e+01
-1.787257971014492597e+01
-1.671426956521739271e+01
-1.555595942028985590e+01
-1.439764927536231909e+01
-1.323933913043478228e+01
-1.208102898550724724e+01
-1.092271884057971043e+01
-9.764408695652173620e+00
-8.606098550724638585e+00
-7.447788405797101774e+00
-6.289478260869564963e+00
-5.131168115942029928e+00
-3.972857971014494893e+00
-2.814547826086958082e+00
-1.656237681159421271e+00
-4.979275362318844600e-01
6.603826086956523511e-01
1.818692753623185610e+00
2.977002898550722421e+00
4.135313043478259232e+00
5.293623188405796043e+00
6.451933333333332854e+00
7.610243478260869665e+00
8.768553623188402923e+00
9.926863768115939735e+00
1.108517391304347655e+01
1.224348405797100980e+01
1.340179420289855017e+01
1.456010434782608343e+01
1.571841449275362379e+01
1.687672463768115705e+01
1.803503478260869031e+01
1.919334492753623067e+01
2.035165507246376393e+01
2.150996521739130429e+01
2.266827536231883755e+01
2.382658550724637081e+01
2.498489565217391117e+01
2.614320579710144443e+01
2.730151594202898480e+01
2.845982608695651805e+01
2.961813623188405131e+01
3.077644637681159168e+01
3.193475652173912493e+01
3.309306666666666530e+01
3.425137681159419856e+01
3.540968695652173892e+01
3.656799710144927218e+01
3.772630724637680544e+01
3.888461739130434580e+01
4.004292753623187906e+01
4.120123768115941942e+01
4.235954782608695268e+01
4.351785797101448594e+01
4.467616811594201920e+01
4.583447826086955956e+01
4.699278840579709993e+01
4.815109855072462608e+01
4.930940869565216644e+01
5.046771884057970681e+01
5.162602898550724717e+01
5.278433913043477332e+01
5.394264927536231369e+01
5.510095942028985405e+01
5.625926956521738020e+01
5.741757971014492057e+01
5.857588985507246093e+01
