0.000000000000000000e+00 -5.504801799891482182e-03
1.000000000000085022e-03 2.003984986502068896e-02
1.999999999999974454e-03 8.029209884950878895e-02
3.000000000000059477e-03 1.118946362643524345e-01
3.999999999999948909e-03 1.528280096785959996e-01
5.000000000000033931e-03 2.021954521657538528e-01
5.999999999999923797e-03 2.226176069453639217e-01
7.000000000000008819e-03 2.586343501121553534e-01
8.000000000000093842e-03 2.850478428925046770e-01
8.999999999999983707e-03 3.327224715782173270e-01
1.000000000000006786e-02 3.617139432092407736e-01
1.099999999999995773e-02 4.030225253002413521e-01
1.200000000000004362e-02 4.479150108989939372e-01
1.299999999999993175e-02 4.616037191567861631e-01
1.400000000000001764e-02 5.156219147758195342e-01
1.499999999999990750e-02 5.542256814097901163e-01
1.599999999999999339e-02 5.989514632203759570e-01
1.700000000000007755e-02 6.189218394041159366e-01
1.799999999999996741e-02 6.540035562451848028e-01
1.900000000000005157e-02 6.940538142155758816e-01
1.999999999999994144e-02 7.174342640350105382e-01
2.100000000000002559e-02 7.616166466930395229e-01
2.199999999999991546e-02 7.973193354869044791e-01
2.299999999999999961e-02 8.271213442320201059e-01
2.400000000000008724e-02 8.623869063135773949e-01
2.499999999999997710e-02 8.970502971017931815e-01
2.600000000000006126e-02 9.184531048978616941e-01
2.699999999999995112e-02 9.735655985758089326e-01
2.800000000000003528e-02 9.844932390854636006e-01
2.899999999999992514e-02 1.012636303396609039e+00
3.000000000000000930e-02 1.044595778036361056e+00
3.100000000000009345e-02 1.084906867108232476e+00
3.199999999999998679e-02 1.111100040005849277e+00
3.300000000000007094e-02 1.151574610389308306e+00
3.399999999999996081e-02 1.170697623847598123e+00
3.500000000000004496e-02 1.206437278577263683e+00
3.599999999999993483e-02 1.237185582732071243e+00
3.700000000000001898e-02 1.272487171793119654e+00
3.799999999999990885e-02 1.278802676678517436e+00
3.899999999999999301e-02 1.321377903966459932e+00
4.000000000000007716e-02 1.338400251562355425e+00
4.099999999999996703e-02 1.392806928773496100e+00
4.200000000000005118e-02 1.406279674840273719e+00
4.299999999999994105e-02 1.424119458763570822e+00
4.400000000000002520e-02 1.458282418409499348e+00
4.499999999999991507e-02 1.482264326026357715e+00
4.599999999999999922e-02 1.510187303106293122e+00
4.700000000000009032e-02 1.529527775468263462e+00
4.799999999999997324e-02 1.564829632956971750e+00
4.900000000000006434e-02 1.587267383231446116e+00
4.999999999999995420e-02 1.608789313510755825e+00
5.100000000000003836e-02 1.643603564767079028e+00
5.199999999999992822e-02 1.660990611271827344e+00
5.300000000000001238e-02 1.675122909624880529e+00
5.400000000000009653e-02 1.712815911798328372e+00
5.499999999999998640e-02 1.718697078148642809e+00
5.600000000000007055e-02 1.738418666578095850e+00
5.699999999999996042e-02 1.747271447217932483e+00
5.800000000000004458e-02 1.776457635114429001e+00
5.899999999999993444e-02 1.791108880789468172e+00
6.000000000000001860e-02 1.779654936392070619e+00
6.099999999999990846e-02 1.811406342008713644e+00
6.199999999999999262e-02 1.832102709880953029e+00
6.300000000000008371e-02 1.837001395411548943e+00
6.399999999999997358e-02 1.848292152302096758e+00
6.500000000000005773e-02 1.858396570016877858e+00
6.599999999999994760e-02 1.871922040756200722e+00
6.700000000000003175e-02 1.894701861159158396e+00
6.799999999999992162e-02 1.901539639326159659e+00
6.900000000000000577e-02 1.912775132356475671e+00
6.999999999999989564e-02 1.913838527657956368e+00
7.099999999999997979e-02 1.926788812561475828e+00
7.200000000000006395e-02 1.940450448101136871e+00
7.299999999999995381e-02 1.932591619706254038e+00
7.400000000000003797e-02 1.953482276824300534e+00
7.499999999999992784e-02 1.940118089174782456e+00
7.600000000000001199e-02 1.937381634017116605e+00
7.700000000000009615e-02 1.932331874121935522e+00
7.799999999999998601e-02 1.961085689872191562e+00
7.900000000000007017e-02 1.963770369417272121e+00
7.999999999999996003e-02 1.957384921677473910e+00
8.100000000000004419e-02 1.970421216327916447e+00
8.199999999999993405e-02 1.979752828043551238e+00
8.300000000000001821e-02 1.981292919730909263e+00
8.399999999999990807e-02 1.997316320314673543e+00
8.499999999999999223e-02 1.975244697047370268e+00
8.600000000000007638e-02 1.964178077697382951e+00
8.699999999999996625e-02 1.954753323732009829e+00
8.800000000000005040e-02 1.950826959270734573e+00
8.899999999999994027e-02 1.963191323033401270e+00
9.000000000000002442e-02 1.966407794160855760e+00
9.099999999999991429e-02 1.965159417317529522e+00
9.199999999999999845e-02 1.982783520343745831e+00
9.300000000000008260e-02 1.962013348040662297e+00
9.399999999999997247e-02 1.960636889064329536e+00
9.500000000000005662e-02 1.950235075918806293e+00
9.599999999999994649e-02 1.960557102040092703e+00
9.700000000000004452e-02 1.945095819987397112e+00
9.799999999999993439e-02 1.945939346832169514e+00
9.900000000000001854e-02 1.946116285896545728e+00
1.000000000000001027e-01 1.931753811215053851e+00
1.009999999999999926e-01 1.916582205923967219e+00
1.020000000000000767e-01 1.909025904287309450e+00
1.029999999999999666e-01 1.916475704266141111e+00
1.040000000000000507e-01 1.894942085694965694e+00
1.049999999999999406e-01 1.906690542649613906e+00
1.060000000000000248e-01 1.923868346315703803e+00
1.069999999999999146e-01 1.928833610375318308e+00
1.079999999999999988e-01 1.907968590684994803e+00
1.090000000000000829e-01 1.906341562996194616e+00
1.099999999999999728e-01 1.904728590380988518e+00
1.110000000000000570e-01 1.895460262309324184e+00
1.119999999999999468e-01 1.893658783197458728e+00
1.130000000000000310e-01 1.874277815048320361e+00
1.139999999999999208e-01 1.859900520528070755e+00
1.150000000000000050e-01 1.875782321681024101e+00
1.159999999999998949e-01 1.860350759238486695e+00
1.169999999999999790e-01 1.865903386133764830e+00
1.180000000000000632e-01 1.868016844322766490e+00
1.189999999999999530e-01 1.868930487904467030e+00
1.200000000000000372e-01 1.874489546941890961e+00
1.210000000000000242e-01 1.851995002856138717e+00
1.220000000000000112e-01 1.849702500510313374e+00
1.229999999999999982e-01 1.840636585592625885e+00
1.239999999999999852e-01 1.820623482701874352e+00
1.249999999999999722e-01 1.820793740351904111e+00
1.259999999999999731e-01 1.812082018377287218e+00
1.270000000000000573e-01 1.771980990506443865e+00
1.280000000000000304e-01 1.764828783149784419e+00
1.290000000000000313e-01 1.748909048418978429e+00
1.300000000000000044e-01 1.723950015322510243e+00
1.310000000000000053e-01 1.713408656302569222e+00
1.319999999999999785e-01 1.716566652768517498e+00
1.329999999999999793e-01 1.705011761531538106e+00
1.340000000000000635e-01 1.679306294486348383e+00
1.350000000000000366e-01 1.693096504537068281e+00
1.360000000000000375e-01 1.681883680046299956e+00
1.370000000000000107e-01 1.678309867996966576e+00
