# ylin
-4.355170519850000233e+01
-4.242049207646103781e+01
-4.128927895442208040e+01
-4.015806583238311589e+01
-3.902685271034415848e+01
-3.789563958830519397e+01
-3.676442646626623656e+01
-3.563321334422727205e+01
-3.450200022218831464e+01
-3.337078710014935012e+01
-3.223957397811039272e+01
-3.110836085607142820e+01
-2.997714773403246724e+01
-2.884593461199350628e+01
-2.771472148995454532e+01
-2.658350836791558436e+01
-2.545229524587662340e+01
-2.432108212383766244e+01
-2.318986900179870148e+01
-2.205865587975974051e+01
-2.092744275772077955e+01
-1.979622963568181859e+01
-1.866501651364285763e+01
-1.753380339160389667e+01
-1.640259026956493216e+01
-1.527137714752597120e+01
-1.414016402548701024e+01
-1.300895090344804927e+01
-1.187773778140908831e+01
-1.074652465937013091e+01
-9.615311537331166392e+00
-8.484098415292208983e+00
-7.352885293253244470e+00
-6.221672171214279956e+00
-5.090459049175322548e+00
-3.959245927136358034e+00
-2.828032805097400626e+00
-1.696819683058436112e+00
-5.656065610194787041e-01
5.656065610194858095e-01
1.696819683058443218e+00
2.828032805097407731e+00
3.959245927136365140e+00
5.090459049175329653e+00
6.221672171214287062e+00
7.352885293253251575e+00
8.484098415292208983e+00
9.615311537331173497e+00
1.074652465937013801e+01
1.187773778140909542e+01
1.300895090344805993e+01
1.414016402548701734e+01
1.527137714752598185e+01
1.640259026956493926e+01
1.753380339160390378e+01
1.866501651364286118e+01
1.979622963568182570e+01
2.092744275772078311e+01
2.205865587975974051e+01
2.318986900179871213e+01
2.432108212383766954e+01
2.545229524587662695e+01
2.658350836791558436e+01
2.771472148995455598e+01
2.884593461199351339e+01
2.997714773403247079e+01
3.110836085607144241e+01
3.223957397811039982e+01
3.337078710014935723e+01
3.450200022218831464e+01
3.563321334422728626e+01
3.676442646626624366e+01
3.789563958830520107e+01
3.902685271034415848e+01
4.015806583238313010e+01
4.128927895442208751e+01
4.242049207646104492e+01
