# zlin
-2.213469999999999871e+01
-2.099951298701298441e+01
-1.986432597402597366e+01
-1.872913896103895937e+01
-1.759395194805194507e+01
-1.645876493506493432e+01
-1.532357792207792002e+01
-1.418839090909090750e+01
-1.305320389610389498e+01
-1.191801688311688245e+01
-1.078282987012986993e+01
-9.647642857142855632e+00
-8.512455844155843110e+00
-7.377268831168830587e+00
-6.242081818181816288e+00
-5.106894805194805542e+00
-3.971707792207791243e+00
-2.836520779220776944e+00
-1.701333766233766198e+00
-5.661467532467518993e-01
5.690402597402588469e-01
1.704227272727273146e+00
2.839414285714287445e+00
3.974601298701298191e+00
5.109788311688312490e+00
6.244975324675326789e+00
7.380162337662337535e+00
8.515349350649351834e+00
9.650536363636366133e+00
1.078572337662337688e+01
1.192091038961038763e+01
1.305609740259740548e+01
1.419128441558441622e+01
1.532647142857142697e+01
1.646165844155844482e+01
1.759684545454545557e+01
1.873203246753246631e+01
1.986721948051948416e+01
2.100240649350649491e+01
2.213759350649350566e+01
2.327278051948051640e+01
2.440796753246753426e+01
2.554315454545454500e+01
2.667834155844155575e+01
2.781352857142857360e+01
2.894871558441558435e+01
3.008390259740259509e+01
3.121908961038961294e+01
3.235427662337662014e+01
3.348946363636363799e+01
3.462465064935065584e+01
3.575983766233765948e+01
3.689502467532467733e+01
3.803021168831169518e+01
3.916539870129869882e+01
4.030058571428571668e+01
4.143577272727273453e+01
4.257095974025973817e+01
4.370614675324675602e+01
4.484133376623377387e+01
4.597652077922077751e+01
4.711170779220779536e+01
4.824689480519481322e+01
4.938208181818181686e+01
5.051726883116883471e+01
5.165245584415585256e+01
5.278764285714285620e+01
5.392282987012987405e+01
5.505801688311689190e+01
5.619320389610389554e+01
5.732839090909091340e+01
5.846357792207793125e+01
5.959876493506493489e+01
6.073395194805195274e+01
6.186913896103897059e+01
6.300432597402597423e+01
6.413951298701299208e+01
