# xlin
-2.004570000000000007e+01
-1.889154927536231909e+01
-1.773739855072463811e+01
-1.658324782608695713e+01
-1.542909710144927615e+01
-1.427494637681159517e+01
-1.312079565217391242e+01
-1.196664492753623144e+01
-1.081249420289855045e+01
-9.658343478260869475e+00
-8.504192753623188494e+00
-7.350042028985507514e+00
-6.195891304347824757e+00
-5.041740579710143777e+00
-3.887589855072462797e+00
-2.733439130434781816e+00
-1.579288405797100836e+00
-4.251376811594198557e-01
7.290130434782611246e-01
1.883163768115942105e+00
3.037314492753623085e+00
4.191465217391304066e+00
5.345615942028985046e+00
6.499766666666666026e+00
7.653917391304350559e+00
8.808068115942031540e+00
9.962218840579712520e+00
1.111636956521739350e+01
1.227052028985507448e+01
1.342467101449275546e+01
1.457882173913043644e+01
1.573297246376811742e+01
1.688712318840579840e+01
1.804127391304347938e+01
1.919542463768116036e+01
2.034957536231884134e+01
2.150372608695652232e+01
2.265787681159420330e+01
2.381202753623188428e+01
2.496617826086956526e+01
2.612032898550724624e+01
2.727447971014492722e+01
2.842863043478260821e+01
2.958278115942028919e+01
3.073693188405797017e+01
3.189108260869565115e+01
3.304523333333332857e+01
3.419938405797101666e+01
3.535353478260870475e+01
3.650768550724637862e+01
3.766183623188406671e+01
3.881598695652174058e+01
3.997013768115942867e+01
4.112428840579710254e+01
4.227843913043479063e+01
4.343258985507246450e+01
4.458674057971015259e+01
4.574089130434782646e+01
4.689504202898551455e+01
4.804919275362318842e+01
4.920334347826087651e+01
5.035749420289855038e+01
5.151164492753623847e+01
5.266579565217391234e+01
5.381994637681160043e+01
5.497409710144928852e+01
5.612824782608696239e+01
5.728239855072465048e+01
5.843654927536232435e+01
