0.000000000000000000e+00 -2.247908746179715089e-03
9.999999999999635916e-04 8.559772454368162753e-02
1.999999999999927183e-03 1.705274510313004588e-01
3.000000000000088533e-03 2.573335883541489344e-01
4.000000000000052125e-03 3.480540452747120650e-01
5.000000000000015717e-03 4.321965700696044355e-01
5.999999999999979308e-03 5.190121218228465061e-01
6.999999999999942900e-03 6.055702973603970252e-01
7.999999999999906491e-03 6.899985101016929967e-01
9.000000000000068709e-03 7.693309620199406673e-01
1.000000000000003143e-02 8.628823675812790084e-01
1.099999999999999589e-02 9.492068681107818096e-01
1.199999999999995862e-02 1.036598137442573009e+00
1.299999999999992308e-02 1.116029425166584321e+00
1.400000000000008356e-02 1.207263964432668590e+00
1.500000000000004802e-02 1.290376344226271010e+00
1.600000000000001074e-02 1.381202337384190626e+00
1.699999999999997347e-02 1.470857721822358410e+00
1.799999999999993966e-02 1.553674814076059452e+00
1.899999999999990238e-02 1.641666796202899903e+00
2.000000000000006287e-02 1.720123637860640597e+00
2.100000000000002559e-02 1.811995670441329809e+00
2.199999999999999178e-02 1.902136035650606294e+00
2.299999999999995451e-02 1.983267940565482057e+00
2.399999999999991723e-02 2.070366230954249431e+00
2.500000000000007772e-02 2.157677894486438319e+00
2.600000000000004391e-02 2.240110397513837004e+00
2.700000000000000663e-02 2.335889891500873006e+00
2.799999999999996936e-02 2.417927548891412926e+00
2.899999999999993208e-02 2.507068841134845627e+00
3.000000000000009603e-02 2.596436747509534460e+00
3.100000000000005876e-02 2.682226302359397518e+00
3.200000000000002148e-02 2.768366429370065163e+00
3.299999999999998768e-02 2.854978121340273400e+00
3.399999999999994693e-02 2.943665324315220655e+00
3.499999999999991313e-02 3.030020931502358739e+00
3.600000000000007361e-02 3.117931557101217610e+00
3.700000000000003980e-02 3.202919140061865289e+00
3.799999999999999906e-02 3.298437555485712824e+00
3.899999999999996525e-02 3.378249766219809214e+00
3.999999999999993144e-02 3.470886011519355829e+00
4.100000000000009193e-02 3.556531042219619465e+00
4.200000000000005118e-02 3.646386925815618074e+00
4.300000000000001737e-02 3.730874587548164367e+00
4.399999999999998357e-02 3.822472363526710382e+00
4.499999999999994282e-02 3.908808043785030328e+00
4.599999999999990902e-02 3.996546395517430295e+00
4.700000000000006950e-02 4.084758498081483502e+00
4.800000000000003569e-02 4.170974584072498104e+00
4.899999999999999495e-02 4.258130031719954189e+00
4.999999999999996114e-02 4.352273630885981959e+00
5.099999999999992734e-02 4.440313157331270411e+00
5.200000000000008782e-02 4.527941089432570898e+00
5.300000000000004707e-02 4.613185363264894256e+00
5.400000000000001327e-02 4.706141685490457860e+00
5.499999999999997946e-02 4.799524980069946878e+00
5.599999999999993872e-02 4.886601804607559885e+00
5.700000000000009920e-02 4.972197312863327667e+00
5.800000000000006539e-02 5.061581364224752022e+00
5.900000000000003159e-02 5.148590701146335213e+00
5.999999999999999084e-02 5.240170114040230587e+00
6.099999999999995703e-02 5.327112445347212066e+00
6.199999999999991629e-02 5.417642836234962012e+00
6.300000000000008371e-02 5.508748601995336891e+00
6.400000000000004297e-02 5.602084608780330655e+00
6.500000000000000222e-02 5.693806680106659357e+00
6.599999999999997535e-02 5.783633409490662736e+00
6.699999999999993461e-02 5.874908097954349095e+00
6.800000000000010203e-02 5.964567941218818170e+00
6.900000000000006128e-02 6.051055374952927224e+00
7.000000000000002054e-02 6.142559797194019566e+00
7.099999999999999367e-02 6.233867336747209720e+00
7.199999999999995293e-02 6.327148015717390273e+00
7.299999999999991218e-02 6.415805556179313029e+00
7.400000000000007960e-02 6.507266433610138456e+00
7.500000000000003886e-02 6.593038356718568416e+00
7.599999999999999811e-02 6.683804974804756327e+00
7.699999999999997125e-02 6.782234796213177042e+00
7.799999999999993050e-02 6.870575225059410762e+00
7.900000000000009792e-02 6.964054766349219605e+00
8.000000000000005718e-02 7.056934211795918621e+00
8.100000000000001643e-02 7.147320487911716924e+00
8.199999999999997569e-02 7.240668925151542368e+00
8.299999999999994882e-02 7.331228665842115966e+00
8.400000000000010236e-02 7.423810193421654269e+00
8.500000000000007550e-02 7.518615287925844548e+00
8.600000000000003475e-02 7.607455718324539262e+00
8.699999999999999400e-02 7.702447873688775815e+00
8.799999999999996714e-02 7.798229895806497503e+00
8.899999999999992639e-02 7.891684786101067495e+00
9.000000000000009381e-02 7.973633624189867319e+00
9.100000000000005307e-02 8.075934178312637712e+00
9.200000000000001232e-02 8.170762019652070052e+00
9.299999999999997158e-02 8.268415440206229761e+00
9.399999999999994471e-02 8.357869517323246455e+00
9.499999999999990397e-02 8.449456190973181791e+00
9.600000000000007139e-02 8.546121688911432202e+00
9.700000000000003064e-02 8.636562572767875423e+00
9.799999999999998990e-02 8.737542027138882617e+00
9.899999999999996303e-02 8.829490577883646552e+00
9.999999999999992228e-02 8.927702564370340710e+00
1.010000000000000758e-01 9.018126790594701347e+00
1.020000000000000490e-01 9.115076012518503745e+00
1.030000000000000082e-01 9.208371752506421259e+00
1.039999999999999675e-01 9.304893244294570209e+00
1.049999999999999406e-01 9.400793261884171415e+00
1.060000000000000941e-01 9.497362948460001064e+00
1.070000000000000673e-01 9.591155509303499471e+00
1.080000000000000265e-01 9.689656810159299027e+00
1.089999999999999858e-01 9.783297427461524975e+00
1.099999999999999589e-01 9.879714520566366787e+00
1.110000000000000153e-01 9.975234391101340137e+00
1.120000000000000717e-01 1.006648698572960576e+01
1.130000000000000449e-01 1.017278203836142580e+01
1.140000000000000041e-01 1.026451226500020653e+01
1.149999999999999634e-01 1.036638758780981462e+01
1.160000000000000336e-01 1.046538069308920349e+01
1.169999999999999929e-01 1.055678552901092004e+01
1.180000000000000632e-01 1.065148225338622900e+01
1.190000000000000224e-01 1.075415060268677969e+01
1.199999999999999817e-01 1.085204804619950281e+01
1.209999999999999409e-01 1.095208295814641453e+01
