# r	g(r)	err
2.010101010101010388e+00 5.693893227365204573e-04 4.026190512422092084e-04
2.030303030303030276e+00 5.581145657208721285e-04 3.946465941002137018e-04
2.050505050505050164e+00 0.000000000000000000e+00 nan
2.070707070707070940e+00 3.755828815891080075e-03 1.003787473745520369e-03
2.090909090909090828e+00 8.945893058991160815e-03 1.534208002453174395e-03
2.111111111111111160e+00 1.600238052380571763e-02 2.032304358828701096e-03
2.131313131313131493e+00 4.558196786397442773e-02 3.397479289735256744e-03
2.151515151515151381e+00 8.051397703915913473e-02 4.472998724397729900e-03
2.171717171717171713e+00 1.346317943371368731e-01 5.730309708862823745e-03
2.191919191919192045e+00 2.418173080272021380e-01 7.608984427721589977e-03
2.212121212121211933e+00 3.845745546174093588e-01 9.507993936232268101e-03
2.232323232323232265e+00 6.112500525842669008e-01 1.187845397032699472e-02
2.252525252525252597e+00 9.032231906296203094e-01 1.430986098845209512e-02
2.272727272727272485e+00 1.271617652473323146e+00 1.682823212674738195e-02
2.292929292929293261e+00 1.767848817977126119e+00 1.966705997152735919e-02
2.313131313131313149e+00 2.246196133560669939e+00 2.197511180630461886e-02
2.333333333333333037e+00 2.829059576920739616e+00 2.444847669444125821e-02
2.353535353535353813e+00 3.334348530668512112e+00 2.631432982064184703e-02
2.373737373737373701e+00 3.821282931746834866e+00 2.793054905077576103e-02
2.393939393939394034e+00 4.295389561780907250e+00 2.936267855522063305e-02
2.414141414141414366e+00 4.542362428133449370e+00 2.994233938240132772e-02
2.434343434343434254e+00 4.788732086863402237e+00 3.048849351337059102e-02
2.454545454545454586e+00 4.957292324132533956e+00 3.076512819796808559e-02
2.474747474747474918e+00 4.970975418187320471e+00 3.055606755001135863e-02
2.494949494949494806e+00 4.995024414256031164e+00 3.038187638771013693e-02
2.515151515151515138e+00 4.914014279279964370e+00 2.989245595576209627e-02
2.535353535353535470e+00 4.752623375167053688e+00 2.916323627374007785e-02
2.555555555555555358e+00 4.566110808109925756e+00 2.835929564418753976e-02
2.575757575757575690e+00 4.349471937617972017e+00 2.746128302792120307e-02
2.595959595959596022e+00 4.125683230551423719e+00 2.653735013849178176e-02
2.616161616161615910e+00 3.820529833351987481e+00 2.533989270335791286e-02
2.636363636363636687e+00 3.598685556372605454e+00 2.440473977102079056e-02
2.656565656565656575e+00 3.348566942471987939e+00 2.336234765136220928e-02
2.676767676767676907e+00 3.064461394391048366e+00 2.218063327175729196e-02
2.696969696969697239e+00 2.815978420653125980e+00 2.110309421647943093e-02
2.717171717171717127e+00 2.520610535540055430e+00 1.981724742066000647e-02
2.737373737373737459e+00 2.346609095084934538e+00 1.897989571952294480e-02
2.757575757575757791e+00 2.126589773086229762e+00 1.793584951693332971e-02
2.777777777777777679e+00 1.938937624630575618e+00 1.700168491303767279e-02
2.797979797979798011e+00 1.717672842078378892e+00 1.588668167402945003e-02
2.818181818181818343e+00 1.604205557777230728e+00 1.524293308365286433e-02
2.838383838383838231e+00 1.413825330309013584e+00 1.420804412782184639e-02
2.858585858585858563e+00 1.269752692995257615e+00 1.336952180273406204e-02
2.878787878787878896e+00 1.171211362727210936e+00 1.275015653265376692e-02
2.898989898989898784e+00 1.060227769966921363e+00 1.204648735116637184e-02
2.919191919191919560e+00 9.648822882875959239e-01 1.141253342485139093e-02
2.939393939393939448e+00 8.739127398320655216e-01 1.078658038484196433e-02
2.959595959595959780e+00 7.771864070601823826e-01 1.010270602511665131e-02
2.979797979797980112e+00 6.925807216406616451e-01 9.472310405587918564e-03
3.000000000000000000e+00 6.181001794092201296e-01 8.888238990154005356e-03
3.020202020202020332e+00 5.652166564431375662e-01 8.442654667312575814e-03
3.040404040404040664e+00 5.181591907163540789e-01 8.029857631017258898e-03
3.060606060606060552e+00 4.889916855673268614e-01 7.749092533737598348e-03
3.080808080808080884e+00 4.193357566843524675e-01 7.128921734494138122e-03
3.101010101010101216e+00 3.980998764120831090e-01 6.900814986344436588e-03
3.121212121212121104e+00 3.863507967869118098e-01 6.754219413316068545e-03
3.141414141414141437e+00 3.538885124511515490e-01 6.422669605644554247e-03
3.161616161616161769e+00 3.321185458671738755e-01 6.182227240103402646e-03
3.181818181818181657e+00 3.476848722763830613e-01 6.285286543294731423e-03
3.202020202020201989e+00 3.004536776842590129e-01 5.805935916998351300e-03
3.222222222222222321e+00 3.077771341211068545e-01 5.839426960843860197e-03
3.242424242424242653e+00 2.973889747596324407e-01 5.704270836791043575e-03
3.262626262626262985e+00 2.963110734986777461e-01 5.658667250683051611e-03
3.282828282828282873e+00 2.950236235674332241e-01 5.611613786129716550e-03
3.303030303030303205e+00 2.916366806561346836e-01 5.545185241086536369e-03
3.323232323232323537e+00 2.958094338463087558e-01 5.550765115148278105e-03
3.343434343434343425e+00 3.017126049521637321e-01 5.572004667257934862e-03
3.363636363636363757e+00 3.070463591540217307e-01 5.587280572450099500e-03
3.383838383838384090e+00 3.218758323425413015e-01 5.686461665139606013e-03
3.404040404040403978e+00 3.242215328857528389e-01 5.673274072150079166e-03
3.424242424242424310e+00 3.266858419134197056e-01 5.661196069112682874e-03
3.444444444444444642e+00 3.312032426710187494e-01 5.666770822624370325e-03
3.464646464646464530e+00 3.476678359987400713e-01 5.772060509169351511e-03
3.484848484848484862e+00 3.656239116110033827e-01 5.884925080010755018e-03
3.505050505050505194e+00 3.732190652973620959e-01 5.911465695468392373e-03
3.525252525252525526e+00 3.741372341552315905e-01 5.884814488066937924e-03
3.545454545454545414e+00 3.792197869529915777e-01 5.890892757050132655e-03
3.565656565656565746e+00 4.051540220171380713e-01 6.054497579990119130e-03
3.585858585858586078e+00 4.369225153991702082e-01 6.251965857298223683e-03
3.606060606060606410e+00 4.329253421841588456e-01 6.188437745483455973e-03
3.626262626262626299e+00 4.715039595076987999e-01 6.422305515310848360e-03
3.646464646464646631e+00 4.806548283898673946e-01 6.448403288986392229e-03
3.666666666666666963e+00 4.971052598482678109e-01 6.521692115525677506e-03
3.686868686868686851e+00 5.400780750150306897e-01 6.760489570128707867e-03
3.707070707070707183e+00 5.541295840467330702e-01 6.810552456350048994e-03
3.727272727272727515e+00 5.898704692329818089e-01 6.988672659846221526e-03
3.747474747474747403e+00 6.277592965398977043e-01 7.170763593991346697e-03
3.767676767676767735e+00 6.732313019606832594e-01 7.386114850054724575e-03
3.787878787878788067e+00 7.165777036795729638e-01 7.579544652353502505e-03
3.808080808080808399e+00 7.559545342932676437e-01 7.743712596445147429e-03
3.828282828282828287e+00 8.355905466437459905e-01 8.098419826480253089e-03
3.848484848484848619e+00 9.020224496261650682e-01 8.370018840944161431e-03
3.868686868686868952e+00 9.906969946052213150e-01 8.725983487797288329e-03
3.888888888888889284e+00 1.029870649868741328e+00 8.850612958356669085e-03
3.909090909090909172e+00 1.109586156137835955e+00 9.139286414507433523e-03
3.929292929292929504e+00 1.210410611254111091e+00 9.496410901344471550e-03
3.949494949494949836e+00 1.236849378100689734e+00 9.550462159338458240e-03
3.969696969696969724e+00 1.337436754947720852e+00 9.880679555782981988e-03
3.989898989898990056e+00 1.416129722777645039e+00 1.011572842731454404e-02
