0.000000000000000000e+00 -1.002996144180739041e-01
9.999999999999386550e-04 -7.080257134366262084e-02
2.000000000000039507e-03 -3.554675609676596210e-02
2.999999999999978378e-03 1.901715306330542185e-02
4.000000000000079013e-03 6.316800346974521529e-02
5.000000000000017451e-03 1.025935786338708355e-01
5.999999999999956757e-03 1.268232450549320600e-01
7.000000000000057392e-03 1.687389221712765619e-01
7.999999999999996697e-03 2.039424090513852206e-01
8.999999999999935135e-03 2.314346921641693144e-01
1.000000000000003490e-02 2.630847506314788475e-01
1.099999999999997508e-02 2.994024906872700953e-01
1.200000000000007484e-02 3.478905381131183749e-01
1.300000000000001328e-02 3.950171697092255685e-01
1.399999999999995345e-02 4.184874482808058072e-01
1.500000000000005322e-02 4.470291389688471062e-01
1.599999999999999339e-02 4.796691028213917463e-01
1.699999999999993183e-02 5.157398795383812962e-01
1.800000000000003333e-02 5.255873834250840426e-01
1.899999999999996830e-02 6.119375145679281092e-01
2.000000000000006981e-02 6.134138783129083894e-01
2.100000000000001171e-02 6.280713307132133050e-01
2.199999999999995015e-02 6.947307246004554848e-01
2.300000000000004818e-02 7.367765529169998384e-01
2.399999999999998662e-02 7.647570851788172419e-01
2.499999999999992853e-02 7.719337796113090455e-01
2.600000000000002656e-02 8.445546411392512720e-01
2.699999999999996500e-02 8.587129067105676583e-01
2.800000000000006650e-02 8.971634423262634384e-01
2.900000000000000494e-02 9.129267005059188422e-01
2.999999999999994338e-02 9.387933514923576528e-01
3.100000000000004488e-02 9.851551263018560878e-01
3.199999999999998679e-02 9.985420234623058056e-01
3.299999999999992523e-02 1.030708925855815083e+00
3.400000000000003020e-02 1.079283582271198361e+00
3.499999999999996170e-02 1.134632602748635088e+00
3.600000000000006667e-02 1.137813101135291216e+00
3.700000000000000511e-02 1.179893650857429144e+00
3.799999999999993661e-02 1.230437616852517513e+00
3.900000000000004158e-02 1.263927587795608654e+00
3.999999999999998002e-02 1.286008485422816872e+00
4.100000000000007805e-02 1.313688494041337584e+00
4.200000000000002343e-02 1.363665535734511991e+00
4.299999999999996186e-02 1.381417903791392732e+00
4.400000000000005296e-02 1.416657153040467687e+00
4.500000000000000527e-02 1.423676701188930194e+00
4.599999999999993677e-02 1.459542439918044776e+00
4.700000000000003481e-02 1.498861751901393813e+00
4.799999999999997324e-02 1.557411935811009673e+00
4.900000000000007822e-02 1.542422426763494281e+00
5.000000000000001665e-02 1.599730022665412310e+00
5.099999999999995509e-02 1.628960914542082250e+00
5.200000000000005312e-02 1.658348954985983115e+00
5.299999999999999156e-02 1.687884021420506198e+00
5.400000000000009653e-02 1.700521135190329547e+00
5.500000000000003497e-02 1.744383006693605465e+00
5.599999999999997341e-02 1.772707251459441302e+00
5.700000000000007144e-02 1.788462339370074927e+00
5.800000000000000988e-02 1.806485813255113149e+00
5.899999999999994832e-02 1.827248210889137026e+00
6.000000000000005329e-02 1.863026444880296228e+00
6.099999999999999173e-02 1.875769804306419042e+00
6.199999999999993017e-02 1.895255814287393203e+00
6.300000000000002820e-02 1.920830165933687050e+00
6.399999999999997358e-02 1.933191695264260934e+00
6.500000000000007161e-02 1.937731189331492132e+00
6.600000000000000311e-02 1.962330382418464803e+00
6.699999999999994849e-02 1.956348362548951059e+00
6.800000000000006040e-02 2.002419395174101613e+00
6.899999999999999190e-02 2.008668276547919795e+00
7.000000000000007605e-02 2.017278329164454931e+00
7.100000000000002143e-02 2.040522571682985564e+00
7.199999999999995293e-02 2.054803003466908251e+00
7.300000000000006484e-02 2.063560604855939395e+00
7.400000000000001021e-02 2.097852245091390344e+00
7.499999999999994171e-02 2.120080852670287008e+00
7.600000000000003975e-02 2.133019504300447178e+00
7.699999999999998512e-02 2.132758084875138405e+00
7.800000000000008316e-02 2.123436596594459047e+00
7.900000000000002853e-02 2.153089263753630078e+00
7.999999999999996003e-02 2.177134644973826472e+00
8.100000000000005806e-02 2.161950683082705105e+00
8.200000000000000344e-02 2.163093518146827154e+00
8.299999999999993494e-02 2.200321440194540124e+00
8.400000000000004685e-02 2.184986023154465773e+00
8.499999999999997835e-02 2.187823802651057026e+00
8.600000000000007638e-02 2.186260756865089583e+00
8.700000000000002176e-02 2.197883477995975277e+00
8.799999999999995326e-02 2.226825809014073787e+00
8.900000000000006517e-02 2.210001618347242403e+00
9.000000000000001055e-02 2.194589194371805885e+00
9.099999999999994205e-02 2.186906485379084941e+00
9.200000000000004008e-02 2.235941610326299678e+00
9.299999999999997158e-02 2.190532641423233340e+00
9.400000000000006961e-02 2.202307017973015313e+00
9.500000000000001499e-02 2.211900772484308941e+00
9.599999999999994649e-02 2.234390322679209895e+00
9.700000000000005840e-02 2.237530585130219851e+00
9.799999999999998990e-02 2.223914873539596826e+00
9.900000000000008793e-02 2.204274856684144357e+00
1.000000000000000333e-01 2.223055489288394693e+00
1.009999999999999648e-01 2.233415828158566097e+00
1.020000000000000767e-01 2.291875616186111575e+00
1.030000000000000082e-01 2.248200751428469868e+00
1.039999999999999536e-01 2.268485559384286088e+00
1.050000000000000516e-01 2.298403918743579855e+00
1.059999999999999831e-01 2.242830063616880754e+00
1.070000000000000950e-01 2.229478245298806005e+00
1.080000000000000265e-01 2.222477934842995051e+00
1.089999999999999719e-01 2.213666405542630500e+00
1.100000000000000699e-01 2.199638353366241805e+00
1.110000000000000014e-01 2.212142396507479347e+00
1.120000000000001134e-01 2.187429452695559107e+00
1.130000000000000449e-01 2.128371943109018005e+00
1.139999999999999902e-01 2.103477125380485369e+00
1.150000000000001021e-01 2.092077552117218353e+00
1.160000000000000198e-01 2.103300383425274145e+00
1.169999999999999651e-01 2.059052058797678608e+00
1.180000000000000909e-01 2.037910184859773821e+00
1.190000000000000085e-01 1.964078966865204334e+00
1.199999999999999678e-01 1.955431915199911774e+00
1.210000000000000242e-01 1.955172235707331119e+00
1.219999999999999835e-01 1.865534685044629937e+00
1.230000000000000815e-01 1.875002687858892791e+00
1.239999999999999991e-01 1.874956574238379137e+00
1.249999999999999584e-01 1.859706834955932253e+00
1.260000000000000564e-01 1.837338186618221236e+00
1.270000000000000018e-01 1.846906007518302806e+00
1.280000000000001137e-01 1.848133701051965616e+00
1.290000000000000313e-01 1.832738744836203137e+00
1.299999999999999767e-01 1.850126174696080872e+00
1.310000000000000886e-01 1.803494608308540803e+00
1.320000000000000062e-01 1.776868027694366914e+00
1.329999999999999516e-01 1.757162966078940070e+00
1.340000000000000635e-01 1.752213001288570160e+00
1.350000000000000089e-01 1.734216379808275477e+00
1.360000000000001208e-01 1.689211216753305767e+00
1.370000000000000384e-01 1.626144181821206569e+00
1.379999999999999838e-01 1.626748209729964589e+00
1.390000000000000957e-01 1.609003144407358032e+00
1.400000000000000133e-01 1.646864160111862097e+00
1.409999999999999587e-01 1.622737558773406752e+00
1.420000000000000429e-01 1.615022519618930952e+00
1.429999999999999882e-01 1.626120481561405873e+00
1.440000000000001001e-01 1.613997127959980737e+00
1.450000000000000178e-01 1.583351154205036249e+00
1.459999999999999631e-01 1.600072880533327746e+00
1.470000000000000751e-01 1.615331795652106939e+00
1.480000000000000204e-01 1.595012132054714815e+00
1.489999999999999380e-01 1.589979209270083738e+00
1.500000000000000500e-01 1.611761901465208036e+00
1.509999999999999953e-01 1.574320225293645237e+00
1.520000000000000795e-01 1.593313266364528635e+00
1.530000000000000249e-01 1.571887795887689343e+00
1.539999999999999702e-01 1.568338490355432269e+00
1.550000000000000544e-01 1.575634706433099774e+00
1.559999999999999998e-01 1.578047253124747806e+00
1.570000000000001394e-01 1.553721445321630590e+00
1.580000000000000571e-01 1.522888375192178234e+00
1.590000000000000024e-01 1.530326221995479630e+00
1.600000000000000588e-01 1.513582987541760350e+00
1.610000000000000320e-01 1.513831965206699381e+00
1.619999999999999774e-01 1.522468232046011005e+00
1.630000000000000338e-01 1.533087021841401221e+00
1.640000000000000069e-01 1.543357313782525164e+00
1.649999999999999245e-01 1.575167759535955447e+00
1.660000000000000364e-01 1.544923536648670437e+00
1.669999999999999818e-01 1.534101391358474009e+00
1.680000000000000937e-01 1.573881339520835532e+00
1.690000000000000113e-01 1.554692583392700556e+00
1.699999999999999567e-01 1.533593951376410747e+00
1.710000000000000686e-01 1.586197889479640244e+00
1.719999999999999862e-01 1.586442812288668680e+00
1.730000000000000981e-01 1.625519203894030928e+00
1.740000000000000435e-01 1.614538485030812209e+00
1.749999999999999889e-01 1.639875616905701827e+00
1.760000000000000731e-01 1.621637543766831335e+00
1.770000000000000184e-01 1.625709195799418749e+00
1.779999999999999638e-01 1.603456809322387544e+00
1.790000000000000480e-01 1.570843912121894226e+00
1.800000000000000211e-01 1.555112125429369829e+00
1.810000000000000775e-01 1.557520842923639792e+00
1.820000000000000229e-01 1.533962607551989210e+00
1.829999999999999682e-01 1.526629095930982727e+00
1.840000000000000802e-01 1.527051097101571608e+00
1.849999999999999978e-01 1.542933946388735045e+00
1.860000000000000264e-01 1.494762047639943692e+00
1.870000000000000551e-01 1.515155731304903997e+00
1.880000000000000004e-01 1.485826124334619802e+00
1.890000000000000013e-01 1.511952529844159177e+00
1.900000000000000300e-01 1.494293822562102747e+00
1.909999999999999754e-01 1.440782832688087822e+00
1.920000000000000595e-01 1.422169171115341246e+00
1.930000000000000049e-01 1.421408058173758704e+00
1.940000000000000335e-01 1.413414235165742383e+00
1.950000000000000344e-01 1.391792892731083420e+00
1.959999999999999798e-01 1.423609245222529074e+00
1.970000000000000084e-01 1.420582178795266159e+00
1.980000000000000371e-01 1.413415203260121267e+00
1.989999999999999547e-01 1.465219401140588795e+00
2.000000000000000666e-01 1.477167071085692118e+00
