# Strain	D2minStd
9.999999976924335565e-04 8.637852554745165667e-01
1.999999995384867113e-03 9.358330092351524465e-01
2.999999993077300670e-03 9.039614704414731250e-01
3.999999990769734226e-03 9.446585055339117298e-01
4.999999988462167783e-03 9.723671346360631684e-01
5.999999986154601339e-03 9.453960070687068562e-01
6.999999983847035763e-03 9.601058321694652120e-01
7.999999981539468452e-03 9.094759328850902103e-01
8.999999979231903743e-03 1.020257252020589256e+00
9.999999976924337300e-03 9.641636545042385764e-01
1.099999997461677086e-02 9.875562041439481797e-01
1.199999997230920268e-02 1.026292511161333243e+00
1.299999997000163797e-02 1.036300353053810186e+00
1.400000112147720827e-02 9.896517587233746305e-01
1.499999996538650508e-02 1.079077699157147130e+00
1.599999996307893690e-02 1.029440484422076807e+00
1.700000111455450894e-02 1.112963865874660785e+00
1.799999995846380749e-02 1.110119472146825936e+00
1.900000110993937952e-02 1.056151039176753903e+00
1.999999995384867113e-02 1.077304311589537544e+00
2.099999995154110469e-02 1.089733012179451732e+00
2.199999994923354171e-02 1.081331374982603677e+00
2.299999994692597527e-02 1.064668995808681906e+00
2.400000109840154383e-02 1.105545911360559019e+00
2.499999994231083891e-02 1.128401719157442251e+00
2.599999994000327594e-02 1.102764418091489285e+00
2.699999878391257102e-02 1.113736880097627946e+00
2.800000108917127806e-02 1.105079776080330589e+00
2.900000108686371161e-02 1.139948426714266994e+00
2.999999993077301016e-02 1.147134159403363274e+00
3.099999992846545066e-02 1.144318609299660228e+00
3.199999877237474227e-02 1.145780071782936504e+00
3.300000223141658778e-02 1.157791636437409677e+00
3.400000222910901787e-02 1.178043029629430194e+00
3.499999991923517101e-02 1.290773663136398408e+00
3.599999991692760803e-02 1.309693153447483160e+00
3.699999876083690659e-02 1.307729362266891293e+00
3.800000106609561362e-02 1.304490851095035930e+00
3.900000106378805065e-02 1.340932588135315351e+00
3.999999990769734226e-02 1.333225721488027871e+00
4.099999990538977929e-02 1.323005711683889585e+00
4.199999874929907784e-02 1.397533304243700591e+00
4.300000105455778487e-02 1.390942322481342197e+00
4.400000105225021496e-02 1.381538583631570782e+00
4.499999989615951351e-02 1.358219057325313894e+00
4.599999989385195054e-02 1.425536949844944168e+00
4.700000104532751216e-02 1.421500525798601089e+00
4.800000104301994919e-02 1.457673935315102476e+00
4.900000104071238621e-02 1.470439518599503170e+00
4.999999988462167783e-02 1.514218063609804155e+00
5.099999988231411485e-02 1.534031885440582554e+00
5.199999872622341340e-02 1.533219433690628630e+00
5.299999872391585043e-02 1.576559344595144685e+00
5.399999756782514204e-02 1.555524972378266035e+00
5.499999756551757907e-02 1.551529436088216807e+00
5.600000217834255611e-02 1.598040807425827214e+00
5.700000217603499314e-02 1.585181455111957627e+00
5.800000101994428475e-02 1.561736771944210567e+00
5.900000101763672178e-02 1.627980754201011848e+00
5.999999986154602033e-02 1.616394305386466224e+00
6.099999985923845042e-02 1.602288774959126361e+00
6.199999870314774897e-02 1.602904200517056843e+00
6.299999870084017906e-02 1.563707545215663020e+00
6.399999754474948455e-02 1.581391201864964069e+00
6.499999754244191463e-02 1.550419537600022268e+00
6.600000215526688474e-02 1.665993903499849660e+00
6.700000215295932871e-02 1.670605721610521011e+00
6.800000215065175879e-02 1.641665027538700361e+00
6.900000214834420276e-02 1.670639532732487220e+00
6.999999983847035590e-02 1.638241051639830470e+00
7.099999983616278598e-02 1.647771916293076844e+00
7.199999868007207759e-02 1.644627678245194291e+00
7.299999867776452156e-02 1.632430005052776911e+00
7.399999752167381317e-02 1.620437135293328890e+00
7.499999751936625714e-02 1.629071172955817826e+00
7.600000213219122724e-02 1.631739339952855472e+00
7.700000212988365733e-02 1.658756838017213076e+00
7.800000097379296282e-02 1.673277567205394112e+00
7.900000212526853138e-02 1.676566021406173279e+00
7.999999981539468452e-02 1.675962054929897027e+00
8.099999981308712849e-02 1.663428528075154178e+00
8.199999865699642010e-02 1.676208208737428818e+00
8.299999865468885019e-02 1.686586948477561299e+00
8.399999749859815568e-02 1.652870589111325783e+00
8.499999749629058576e-02 1.683696406881734386e+00
8.600000210911556975e-02 1.667829719134012345e+00
8.700000210680799984e-02 1.674772175485682357e+00
8.800000095071729145e-02 1.679763755340271114e+00
8.900000094840972154e-02 1.682643192574394320e+00
8.999999979231902703e-02 1.665132130085575923e+00
9.099999979001145711e-02 1.662025226293643909e+00
9.199999978770390108e-02 1.654724120289095657e+00
9.299999863161317881e-02 1.667876179319431440e+00
9.400000324443817667e-02 1.651880987824637881e+00
9.499999747321492827e-02 1.649240772230492702e+00
9.600000208603989837e-02 1.650244438201586616e+00
9.699999631481664997e-02 1.647485465099614244e+00
9.800000092764163395e-02 1.678936022295408614e+00
9.899999515641838554e-02 1.657934185335764976e+00
9.999999976924335565e-02 1.644905781242629539e+00
1.010000055358514920e-01 1.636968072588336431e+00
1.019999997646282297e-01 1.646559649708221107e+00
1.030000043774532137e-01 1.629801033493667006e+00
1.039999974524468268e-01 1.637424778571096917e+00
1.050000020652717969e-01 1.625575202099797778e+00
1.059999962940485485e-01 1.612799741950995847e+00
1.070000020606566710e-01 1.616197502573313072e+00
1.079999951356502841e-01 1.610626354192673970e+00
1.090000009022584065e-01 1.607570640685138663e+00
1.099999951310351581e-01 1.618130611023138155e+00
1.109999997438601282e-01 1.591876083605064496e+00
1.120000043566851122e-01 1.598341180123066252e+00
1.129999985854618499e-01 1.621262599010742322e+00
1.140000043520699863e-01 1.619271658605770936e+00
1.149999974270635716e-01 1.625096484156298260e+00
1.160000020398885695e-01 1.618824068109774972e+00
1.169999962686653211e-01 1.606790241304054234e+00
1.180000008814903190e-01 1.621930162633078210e+00
1.189999951102670567e-01 1.621014605500611161e+00
1.199999997230920545e-01 1.625942428344702595e+00
1.210000054897001631e-01 1.611310293352034684e+00
1.219999985646937485e-01 1.621220308110907116e+00
1.230000043313018987e-01 1.619947633624460481e+00
1.239999974062954979e-01 1.641980400571777077e+00
1.250000031729036343e-01 1.639317065057557921e+00
1.259999974016803581e-01 1.647684422165767604e+00
1.270000020145053421e-01 1.646629998515386495e+00
1.279999950894989691e-01 1.648836742047451231e+00
1.290000008561070777e-01 1.648216096446526890e+00
1.299999939311006769e-01 1.657325033732844677e+00
1.309999996977088133e-01 1.646454410093396437e+00
1.320000043105337972e-01 1.649970777866191396e+00
1.329999985393105211e-01 1.652297549672260280e+00
1.340000031521355051e-01 1.647578163045187560e+00
1.349999973809122567e-01 1.645744325825393428e+00
1.360000019937372129e-01 1.652528094121562985e+00
1.369999973762971446e-01 1.644478449804771758e+00
1.380000019891221286e-01 1.653222123113601727e+00
1.389999950641157278e-01 1.657885213404816538e+00
1.399999996769407118e-01 1.651546664332216086e+00
1.410000054435488204e-01 1.655316319216286081e+00
1.419999985185424474e-01 1.657963035426351706e+00
1.430000042851505559e-01 1.649182356162190777e+00
1.439999973601441552e-01 1.658891541391010138e+00
1.450000031267522915e-01 1.650105958768627312e+00
1.459999962017459185e-01 1.657022232309204313e+00
1.470000019683540271e-01 1.651963557600294008e+00
1.479999961971307509e-01 1.652593714489972498e+00
1.490000019637388873e-01 1.651249759676083118e+00
1.499999938849493619e-01 1.661134021049630149e+00
1.509999996515574705e-01 1.652997408526108769e+00
1.520000042643824545e-01 1.647567808621049901e+00
1.529999984931592061e-01 1.652324230913110092e+00
1.540000031059841901e-01 1.653275457830423845e+00
1.549999973347609694e-01 1.653012050460880289e+00
1.560000019475859256e-01 1.654505968564157659e+00
1.569999961763626772e-01 1.649983383653344404e+00
1.580000007891876612e-01 1.657054453991633869e+00
1.589999950179643851e-01 1.659973981533072518e+00
1.599999996307893690e-01 1.655144435384960699e+00
1.610000042436143253e-01 1.660025605208041100e+00
1.619999984723911324e-01 1.657473146413569021e+00
1.630000042389992132e-01 1.652482821961942516e+00
1.639999973139928402e-01 1.653632385934805216e+00
1.650000030806009765e-01 1.653807492283573488e+00
1.659999961555945758e-01 1.649742200223962341e+00
1.670000019222026844e-01 1.646550859878798345e+00
1.679999961509794359e-01 1.649632039658919691e+00
1.690000007638044199e-01 1.639968606264401663e+00
1.699999949925811715e-01 1.643593585932342283e+00
1.709999996054061555e-01 1.636069141032210572e+00
1.720000042182311395e-01 1.634029927148683559e+00
1.729999996007910157e-01 1.634552132032132343e+00
1.740000030598328751e-01 1.635519244843833819e+00
1.749999972886096267e-01 1.637998540424695282e+00
1.760000019014345829e-01 1.635703806906196434e+00
1.769999961302113345e-01 1.638474465991195617e+00
1.780000007430363185e-01 1.634168682237370662e+00
1.789999949718130701e-01 1.628748592242996285e+00
1.799999995846380541e-01 1.633288326184830552e+00
1.810000053512461904e-01 1.629455876165467165e+00
1.819999984262397896e-01 1.632898284347390483e+00
1.830000041928478982e-01 1.633446194536633644e+00
1.839999972678415252e-01 1.634494810804849596e+00
1.849999914966182490e-01 1.628294317262765079e+00
1.859999961094432608e-01 1.624773200907566606e+00
1.870000018760513694e-01 1.623483239347474072e+00
1.880000064888763533e-01 1.623972672144978757e+00
1.889999891798217480e-01 1.616631703026260247e+00
1.899999949464298565e-01 1.627171781477259715e+00
1.909999995592548405e-01 1.625829954836969016e+00
1.920000041720797967e-01 1.622453534913219420e+00
1.930000087849048085e-01 1.619937149428766876e+00
1.939999926296332999e-01 1.616781861803408660e+00
1.949999972424582839e-01 1.615862633550831040e+00
1.960000018552832679e-01 1.618646780202777746e+00
1.970000064681082241e-01 1.616590124712672827e+00
1.979999903128367711e-01 1.615189900430352044e+00
1.989999949256617273e-01 1.612332617580646055e+00
1.999999995384867113e-01 1.620571145902437893e+00
