# ylin
-4.348158898949999696e+01
-4.235219706769480297e+01
-4.122280514588960898e+01
-4.009341322408441499e+01
-3.896402130227922100e+01
-3.783462938047402702e+01
-3.670523745866883303e+01
-3.557584553686363193e+01
-3.444645361505843795e+01
-3.331706169325324396e+01
-3.218766977144804997e+01
-3.105827784964285598e+01
-2.992888592783766200e+01
-2.879949400603246801e+01
-2.767010208422727402e+01
-2.654071016242207648e+01
-2.541131824061688249e+01
-2.428192631881168850e+01
-2.315253439700649452e+01
-2.202314247520129697e+01
-2.089375055339610299e+01
-1.976435863159090900e+01
-1.863496670978571501e+01
-1.750557478798052102e+01
-1.637618286617532704e+01
-1.524679094437012949e+01
-1.411739902256493551e+01
-1.298800710075974152e+01
-1.185861517895454753e+01
-1.072922325714934999e+01
-9.599831335344156003e+00
-8.470439413538962015e+00
-7.341047491733768027e+00
-6.211655569928574039e+00
-5.082263648123380051e+00
-3.952871726318186063e+00
-2.823479804512992075e+00
-1.694087882707798087e+00
-5.646959609025969939e-01
5.646959609025969939e-01
1.694087882707790982e+00
2.823479804512984970e+00
3.952871726318178958e+00
5.082263648123372946e+00
6.211655569928566933e+00
7.341047491733760921e+00
8.470439413538954909e+00
9.599831335344148897e+00
1.072922325714934288e+01
1.185861517895454398e+01
1.298800710075973797e+01
1.411739902256493195e+01
1.524679094437012594e+01
1.637618286617531993e+01
1.750557478798051392e+01
1.863496670978570791e+01
1.976435863159090189e+01
2.089375055339610299e+01
2.202314247520129697e+01
2.315253439700649096e+01
2.428192631881168495e+01
2.541131824061687894e+01
2.654071016242207293e+01
2.767010208422726691e+01
2.879949400603246090e+01
2.992888592783765489e+01
3.105827784964284888e+01
3.218766977144804287e+01
3.331706169325323685e+01
3.444645361505843084e+01
3.557584553686362483e+01
3.670523745866881882e+01
3.783462938047401281e+01
3.896402130227920679e+01
4.009341322408440078e+01
4.122280514588960898e+01
4.235219706769480297e+01
