# xlin
-4.013405092020000353e+01
-3.897074509642609286e+01
-3.780743927265217508e+01
-3.664413344887826440e+01
-3.548082762510435373e+01
-3.431752180133043595e+01
-3.315421597755652527e+01
-3.199091015378261105e+01
-3.082760433000869682e+01
-2.966429850623478259e+01
-2.850099268246086837e+01
-2.733768685868695769e+01
-2.617438103491304346e+01
-2.501107521113912924e+01
-2.384776938736521856e+01
-2.268446356359130434e+01
-2.152115773981739011e+01
-2.035785191604347588e+01
-1.919454609226956165e+01
-1.803124026849565098e+01
-1.686793444472173675e+01
-1.570462862094782253e+01
-1.454132279717391185e+01
-1.337801697339999762e+01
-1.221471114962608340e+01
-1.105140532585216917e+01
-9.888099502078254943e+00
-8.724793678304344269e+00
-7.561487854530433594e+00
-6.398182030756515815e+00
-5.234876206982605140e+00
-4.071570383208687360e+00
-2.908264559434776686e+00
-1.744958735660866012e+00
-5.816529118869482318e-01
5.816529118869624426e-01
1.744958735660880222e+00
2.908264559434790897e+00
4.071570383208701571e+00
5.234876206982619351e+00
6.398182030756530025e+00
7.561487854530440700e+00
8.724793678304358480e+00
9.888099502078269154e+00
1.105140532585217983e+01
1.221471114962609761e+01
1.337801697340000828e+01
1.454132279717392606e+01
1.570462862094783674e+01
1.686793444472174741e+01
1.803124026849566519e+01
1.919454609226957587e+01
2.035785191604349365e+01
2.152115773981740432e+01
2.268446356359131499e+01
2.384776938736523277e+01
2.501107521113913634e+01
2.617438103491306123e+01
2.733768685868697190e+01
2.850099268246088258e+01
2.966429850623479325e+01
3.082760433000870393e+01
3.199091015378262881e+01
3.315421597755653949e+01
3.431752180133045016e+01
3.548082762510436083e+01
3.664413344887827151e+01
3.780743927265219639e+01
3.897074509642610707e+01
