# ylin
-2.176569999999999894e+01
-2.064009740259740155e+01
-1.951449480519480417e+01
-1.838889220779220679e+01
-1.726328961038960941e+01
-1.613768701298701203e+01
-1.501208441558441464e+01
-1.388648181818181726e+01
-1.276087922077921988e+01
-1.163527662337662250e+01
-1.050967402597402511e+01
-9.384071428571427731e+00
-8.258468831168830349e+00
-7.132866233766232966e+00
-6.007263636363635584e+00
-4.881661038961038201e+00
-3.756058441558440819e+00
-2.630455844155843437e+00
-1.504853246753246054e+00
-3.792506493506486720e-01
7.463519480519487104e-01
1.871954545454546093e+00
2.997557142857143475e+00
4.123159740259740857e+00
5.248762337662338240e+00
6.374364935064935622e+00
7.499967532467533005e+00
8.625570129870130387e+00
9.751172727272727769e+00
1.087677532467532515e+01
1.200237792207792253e+01
1.312798051948051992e+01
1.425358311688311730e+01
1.537918571428571468e+01
1.650478831168831206e+01
1.763039090909090945e+01
1.875599350649350683e+01
1.988159610389610421e+01
2.100719870129870159e+01
2.213280129870129898e+01
2.325840389610389636e+01
2.438400649350649374e+01
2.550960909090909112e+01
2.663521168831168850e+01
2.776081428571428589e+01
2.888641688311688327e+01
3.001201948051948065e+01
3.113762207792207803e+01
3.226322467532467897e+01
3.338882727272726925e+01
3.451442987012987373e+01
3.564003246753246401e+01
3.676563506493506850e+01
3.789123766233765878e+01
3.901684025974026326e+01
4.014244285714285354e+01
4.126804545454545803e+01
4.239364805194806252e+01
4.351925064935065279e+01
4.464485324675324307e+01
4.577045584415584756e+01
4.689605844155845205e+01
4.802166103896104232e+01
4.914726363636363260e+01
5.027286623376623709e+01
5.139846883116884158e+01
5.252407142857143185e+01
5.364967402597402213e+01
5.477527662337662662e+01
5.590087922077923110e+01
5.702648181818182138e+01
5.815208441558441166e+01
5.927768701298701615e+01
6.040328961038962063e+01
6.152889220779221091e+01
6.265449480519480119e+01
6.378009740259740568e+01
