# r	g(r)	err
2.010101010101010388e+00 5.804187986829552467e-04 4.104180684768672020e-04
2.030303030303030276e+00 1.706776924826889242e-03 6.967887617637468596e-04
2.050505050505050164e+00 1.673311522723948353e-03 6.831265685655354102e-04
2.070707070707070940e+00 6.016342969972179010e-03 1.282688631039109349e-03
2.090909090909090828e+00 1.019202623366311303e-02 1.653364979826843625e-03
2.111111111111111160e+00 2.578404975814523742e-02 2.604582347205122543e-03
2.131313131313131493e+00 4.646492298461252918e-02 3.463290878762867540e-03
2.151515151515151381e+00 8.258021710866289555e-02 4.573695213620804223e-03
2.171717171717171713e+00 1.576267659575134594e-01 6.260158601792557669e-03
2.191919191919192045e+00 2.308815853482230895e-01 7.506607832789370660e-03
2.212121212121211933e+00 3.623107237977243322e-01 9.317626401529846558e-03
2.232323232323232265e+00 5.680287866730610036e-01 1.156116801350464546e-02
2.252525252525252597e+00 8.361351164829070592e-01 1.390087641565238182e-02
2.272727272727272485e+00 1.218156983378668956e+00 1.662945150934684244e-02
2.292929292929293261e+00 1.596458401795839865e+00 1.886955940757212638e-02
2.313131313131313149e+00 2.138929548475836384e+00 2.165068150345010947e-02
2.333333333333333037e+00 2.646948857454427539e+00 2.387644193708952575e-02
2.353535353535353813e+00 3.147869745893200566e+00 2.581435447408867573e-02
2.373737373737373701e+00 3.666388721305287923e+00 2.762232338557964878e-02
2.393939393939394034e+00 4.057770204549112414e+00 2.881404247259786514e-02
2.414141414141414366e+00 4.447261810631927936e+00 2.991281335845539374e-02
2.434343434343434254e+00 4.710927882344429385e+00 3.053127907093668506e-02
2.454545454545454586e+00 4.885160101362912677e+00 3.083485714216967558e-02
2.474747474747474918e+00 4.869293730777534357e+00 3.053343857493097738e-02
2.494949494949494806e+00 4.882308368399022491e+00 3.032665169577071149e-02
2.515151515151515138e+00 4.882785861440047448e+00 3.008453516793221233e-02
2.535353535353535470e+00 4.688169525553114170e+00 2.924399802089491102e-02
2.555555555555555358e+00 4.531749915865639800e+00 2.852471146257759549e-02
2.575757575757575690e+00 4.369390583150527085e+00 2.778939342678676816e-02
2.595959595959596022e+00 4.028119776225242532e+00 2.647444583260013043e-02
2.616161616161615910e+00 3.871921449696248185e+00 2.575563836595707798e-02
2.636363636363636687e+00 3.623855645879442200e+00 2.472599351334895529e-02
2.656565656565656575e+00 3.442341549630358877e+00 2.391553190896315850e-02
2.676767676767676907e+00 3.195175211576161800e+00 2.286705723369159005e-02
2.696969696969697239e+00 2.940813990464690164e+00 2.177365463853035352e-02
2.717171717171717127e+00 2.684106672850560926e+00 2.064697440654277710e-02
2.737373737373737459e+00 2.487521822975235608e+00 1.972981315579762362e-02
2.757575757575757791e+00 2.306257466532513511e+00 1.885819235658802231e-02
2.777777777777777679e+00 2.150043717357457140e+00 1.807589313243521817e-02
2.797979797979798011e+00 1.962736384876769380e+00 1.714588992290593666e-02
2.818181818181818343e+00 1.773177565859836324e+00 1.618008222440152355e-02
2.838383838383838231e+00 1.620817845089502773e+00 1.535923546700157689e-02
2.858585858585858563e+00 1.459370990338040519e+00 1.447122288487398024e-02
2.878787878787878896e+00 1.320391248685005792e+00 1.366832422736256880e-02
2.898989898989898784e+00 1.163364278377273964e+00 1.274045033045238806e-02
2.919191919191919560e+00 1.080168724309773287e+00 1.219148952916523747e-02
2.939393939393939448e+00 9.785137075867147427e-01 1.152389470744023293e-02
2.959595959595959780e+00 8.918401391299863867e-01 1.092659134146369351e-02
2.979797979797980112e+00 7.954015965029308521e-01 1.024896539502919389e-02
3.000000000000000000e+00 7.323493725299251578e-01 9.768132031672316362e-03
3.020202020202020332e+00 6.322135139192728293e-01 9.015078498713901059e-03
3.040404040404040664e+00 6.068422458159596911e-01 8.773648302582429809e-03
3.060606060606060552e+00 5.537930338068807190e-01 8.326067535681635698e-03
3.080808080808080884e+00 5.154211649567190801e-01 7.979764936292339100e-03
3.101010101010101216e+00 4.523918640041177941e-01 7.427246383794263059e-03
3.121212121212121104e+00 4.378883218236604424e-01 7.259923018883594932e-03
3.141414141414141437e+00 3.940137438171160689e-01 6.842331480974211955e-03
3.161616161616161769e+00 3.749175088541953360e-01 6.631814002246981879e-03
3.181818181818181657e+00 3.379728446586363066e-01 6.256611136100698016e-03
3.202020202020201989e+00 3.280033276287662725e-01 6.124754369467589818e-03
3.222222222222222321e+00 3.159977360723121853e-01 5.973929816823719124e-03
3.242424242424242653e+00 2.973498388076210031e-01 5.758874772840319282e-03
3.262626262626262985e+00 2.950007737988089018e-01 5.700564564034768522e-03
3.282828282828282873e+00 2.881170012492902388e-01 5.598992626567552734e-03
3.303030303030303205e+00 2.863230702216371104e-01 5.547396805191011533e-03
3.323232323232323537e+00 2.800919469768669567e-01 5.453348178301816243e-03
3.343434343434343425e+00 2.802838622786941736e-01 5.422254108391299024e-03
3.363636363636363757e+00 2.856329947846498740e-01 5.440875229395182935e-03
3.383838383838384090e+00 2.787508073627275040e-01 5.342838828470695620e-03
3.404040404040403978e+00 2.912383856010030136e-01 5.428792223512808948e-03
3.424242424242424310e+00 2.870120478844922496e-01 5.357462984237398515e-03
3.444444444444444642e+00 2.891899465143897285e-01 5.346210198607514660e-03
3.464646464646464530e+00 3.002847314409081703e-01 5.416033209306701963e-03
3.484848484848484862e+00 3.072413129259412568e-01 5.446650703598217812e-03
3.505050505050505194e+00 3.224172896210518724e-01 5.547387456473503071e-03
3.525252525252525526e+00 3.466617500946995722e-01 5.719214026867417387e-03
3.545454545454545414e+00 3.438418422931986962e-01 5.663449856170131406e-03
3.565656565656565746e+00 3.705767334374500677e-01 5.846193457332746722e-03
3.585858585858586078e+00 3.818245793013181899e-01 5.900820468117103437e-03
3.606060606060606410e+00 3.972163420249101851e-01 5.984862144254637396e-03
3.626262626262626299e+00 4.226754966717019557e-01 6.139286498467709692e-03
3.646464646464646631e+00 4.349369365783212760e-01 6.193195039825965739e-03
3.666666666666666963e+00 4.512641171919593575e-01 6.273611040697149761e-03
3.686868686868686851e+00 4.994712120925769994e-01 6.564039413446792239e-03
3.707070707070707183e+00 5.237359466203592717e-01 6.684961965828631163e-03
3.727272727272727515e+00 5.487971659758574816e-01 6.805944094721589482e-03
3.747474747474747403e+00 5.928272477356688608e-01 7.035565040902354121e-03
3.767676767676767735e+00 6.310929404666101306e-01 7.220157025627007077e-03
3.787878787878788067e+00 6.864902567530924982e-01 7.490222774811228570e-03
3.808080808080808399e+00 7.536172644946471655e-01 7.806257678461020477e-03
3.828282828282828287e+00 7.840888586723444575e-01 7.920493557429074058e-03
3.848484848484848619e+00 8.846599017518372854e-01 8.368969966079586528e-03
3.868686868686868952e+00 9.269968111633744012e-01 8.522149718654859277e-03
3.888888888888889284e+00 1.014154009762522346e+00 8.867476375608375136e-03
3.909090909090909172e+00 1.073988499601471025e+00 9.078156471820249956e-03
3.929292929292929504e+00 1.159579625030749961e+00 9.384464593839346100e-03
3.949494949494949836e+00 1.239158094635942176e+00 9.651513339832010208e-03
3.969696969696969724e+00 1.325097008038353730e+00 9.929790822179904858e-03
3.989898989898990056e+00 1.384192333914849193e+00 1.009740876434071094e-02
