# zlin
-2.202319999999999922e+01
-2.089090909090909065e+01
-1.975861818181818208e+01
-1.862632727272727351e+01
-1.749403636363636139e+01
-1.636174545454545282e+01
-1.522945454545454425e+01
-1.409716363636363567e+01
-1.296487272727272533e+01
-1.183258181818181676e+01
-1.070029090909090641e+01
-9.567999999999997840e+00
-8.435709090909089269e+00
-7.303418181818178923e+00
-6.171127272727270352e+00
-5.038836363636360005e+00
-3.906545454545451435e+00
-2.774254545454542864e+00
-1.641963636363634294e+00
-5.096727272727221703e-01
6.226181818181864003e-01
1.754909090909094971e+00
2.887200000000003541e+00
4.019490909090912112e+00
5.151781818181820682e+00
6.284072727272732806e+00
7.416363636363641376e+00
8.548654545454549947e+00
9.680945454545458517e+00
1.081323636363636709e+01
1.194552727272727921e+01
1.307781818181818423e+01
1.421010909090909635e+01
1.534240000000000848e+01
1.647469090909091349e+01
1.760698181818182562e+01
1.873927272727273063e+01
1.987156363636364276e+01
2.100385454545455488e+01
2.213614545454545990e+01
2.326843636363637202e+01
2.440072727272727704e+01
2.553301818181818916e+01
2.666530909090910129e+01
2.779760000000000630e+01
2.892989090909091843e+01
3.006218181818182345e+01
3.119447272727273557e+01
3.232676363636363703e+01
3.345905454545454916e+01
3.459134545454546128e+01
3.572363636363637340e+01
3.685592727272728553e+01
3.798821818181818344e+01
3.912050909090909556e+01
4.025280000000000769e+01
4.138509090909091981e+01
4.251738181818181772e+01
4.364967272727272984e+01
4.478196363636364197e+01
4.591425454545455409e+01
4.704654545454546621e+01
4.817883636363636413e+01
4.931112727272727625e+01
5.044341818181818837e+01
5.157570909090910050e+01
5.270800000000001262e+01
5.384029090909091053e+01
5.497258181818182265e+01
5.610487272727273478e+01
5.723716363636364690e+01
5.836945454545455902e+01
5.950174545454545694e+01
6.063403636363636906e+01
6.176632727272728118e+01
6.289861818181819331e+01
6.403090909090910543e+01
