# ylin
-4.551928488517419602e+00
-3.306291488895328978e+00
-2.060654489273238354e+00
-8.150174896511477307e-01
4.306195099709428931e-01
1.676256509593033961e+00
2.921893509215124141e+00
4.167530508837214320e+00
5.413167508459305388e+00
6.658804508081396456e+00
7.904441507703487524e+00
9.150078507325577704e+00
1.039571550694766700e+01
1.164135250656975984e+01
1.288698950619184913e+01
1.413262650581394198e+01
1.537826350543603127e+01
1.662390050505812056e+01
1.786953750468021340e+01
1.911517450430230269e+01
2.036081150392439554e+01
2.160644850354648483e+01
2.285208550316857412e+01
2.409772250279066697e+01
2.534335950241275626e+01
2.658899650203484555e+01
2.783463350165693839e+01
2.908027050127903124e+01
3.032590750090111698e+01
3.157154450052320982e+01
3.281718150014530266e+01
3.406281849976738840e+01
3.530845549938948125e+01
3.655409249901157409e+01
3.779972949863365983e+01
3.904536649825575267e+01
4.029100349787784552e+01
4.153664049749993126e+01
4.278227749712202410e+01
4.402791449674411695e+01
4.527355149636620979e+01
4.651918849598829553e+01
4.776482549561038837e+01
4.901046249523248122e+01
5.025609949485456696e+01
5.150173649447665980e+01
5.274737349409875264e+01
5.399301049372083838e+01
5.523864749334293123e+01
5.648428449296502407e+01
5.772992149258710981e+01
5.897555849220920265e+01
6.022119549183129550e+01
6.146683249145338834e+01
6.271246949107548119e+01
6.395810649069755982e+01
6.520374349031965266e+01
6.644938048994174551e+01
6.769501748956383835e+01
6.894065448918593120e+01
7.018629148880802404e+01
