0.000000000000000000e+00 -2.974318709970253521e-02
1.000000000000014115e-03 4.014171535589636415e-03
2.000000000000028231e-03 5.220475503276204854e-02
3.000000000000042129e-03 9.045196075668640590e-02
4.000000000000056462e-03 1.441436316879714241e-01
5.000000000000070360e-03 1.910125056261765819e-01
5.999999999999921195e-03 2.208903912592159458e-01
6.999999999999935094e-03 2.871243227524254427e-01
7.999999999999949860e-03 3.240311879535306416e-01
8.999999999999962891e-03 3.643578772422210732e-01
9.999999999999977657e-03 4.243773047017396771e-01
1.099999999999999242e-02 4.851761351168017433e-01
1.200000000000000545e-02 4.956881729338800113e-01
1.300000000000001849e-02 5.330990894739129349e-01
1.400000000000003325e-02 6.192689437481988524e-01
1.500000000000004802e-02 6.014374916146931760e-01
1.600000000000006278e-02 6.861998321636691989e-01
1.700000000000007408e-02 7.133451562981459881e-01
1.799999999999992578e-02 7.667667782423481793e-01
1.899999999999994055e-02 8.016289475427150757e-01
1.999999999999995531e-02 8.770250131656414094e-01
2.099999999999996661e-02 8.688930337040887686e-01
2.199999999999998485e-02 9.294066719072261451e-01
2.299999999999999614e-02 9.548363420836540882e-01
2.400000000000001091e-02 1.016913301408425951e+00
2.500000000000002567e-02 1.054087828097229673e+00
2.600000000000003697e-02 1.089104430363772247e+00
2.700000000000005174e-02 1.151354689567780643e+00
2.800000000000006650e-02 1.182634206019804068e+00
2.900000000000008474e-02 1.243852389862776686e+00
2.999999999999993644e-02 1.295608899665464664e+00
3.099999999999994427e-02 1.311022685170679658e+00
3.199999999999995903e-02 1.342064263568093274e+00
3.299999999999997380e-02 1.397145863026960644e+00
3.399999999999998856e-02 1.414852649513066440e+00
3.500000000000000333e-02 1.474433624608355586e+00
3.600000000000001810e-02 1.500806274520064987e+00
3.700000000000003286e-02 1.558378085171538974e+00
3.800000000000004069e-02 1.576477579406459384e+00
3.900000000000005546e-02 1.600151851580563722e+00
4.000000000000007022e-02 1.669722665378904791e+00
4.099999999999991845e-02 1.694381722843644855e+00
4.199999999999993322e-02 1.753595149921500118e+00
4.299999999999994799e-02 1.739873910360307585e+00
4.399999999999996969e-02 1.773544736732384441e+00
4.499999999999997752e-02 1.834607669128694107e+00
4.599999999999999228e-02 1.891619898191054139e+00
4.700000000000000705e-02 1.895143432003858264e+00
4.800000000000002182e-02 1.944590099655953974e+00
4.900000000000003658e-02 1.970691309307132322e+00
5.000000000000005135e-02 2.017853498788229505e+00
5.100000000000006611e-02 2.026486289474895841e+00
5.199999999999991435e-02 2.066213252596424965e+00
5.299999999999992911e-02 2.086531438005842620e+00
5.399999999999994388e-02 2.134518494155472901e+00
5.499999999999995864e-02 2.141536816855439618e+00
5.599999999999996647e-02 2.179546072593715689e+00
5.699999999999998124e-02 2.218987222236351808e+00
5.799999999999999600e-02 2.242187807072884009e+00
5.900000000000001077e-02 2.306872377691443710e+00
6.000000000000001860e-02 2.305355441289284713e+00
6.100000000000004030e-02 2.356928191125459815e+00
6.200000000000005507e-02 2.360148448613597516e+00
6.300000000000005596e-02 2.385194046415216373e+00
6.400000000000008460e-02 2.407555212331877748e+00
6.499999999999993283e-02 2.459797424289139389e+00
6.599999999999994760e-02 2.462703002524454288e+00
6.699999999999996236e-02 2.514714074951616141e+00
6.799999999999997713e-02 2.524031300132569822e+00
6.899999999999999190e-02 2.537060256741695774e+00
7.000000000000000666e-02 2.609221220551517728e+00
7.100000000000002143e-02 2.602167235067179618e+00
7.200000000000003619e-02 2.632187082156693503e+00
7.300000000000005096e-02 2.660213056299628676e+00
7.400000000000006573e-02 2.656418071057480290e+00
7.500000000000006661e-02 2.710127077889695979e+00
7.599999999999992872e-02 2.710539157429418200e+00
7.699999999999994349e-02 2.759360147896211313e+00
7.799999999999995826e-02 2.776883212057921213e+00
7.899999999999997302e-02 2.810932579563113265e+00
7.999999999999997391e-02 2.810578627162487741e+00
8.099999999999998868e-02 2.833783998718817365e+00
8.200000000000000344e-02 2.887159218753072576e+00
8.300000000000001821e-02 2.870075106183827440e+00
8.400000000000003297e-02 2.900395746900618299e+00
8.500000000000004774e-02 2.920981788255900824e+00
8.600000000000006251e-02 2.980068890709055118e+00
8.699999999999991074e-02 2.917703903205126625e+00
8.799999999999993938e-02 2.985069893853255607e+00
8.899999999999994027e-02 2.964533987719102814e+00
8.999999999999995504e-02 2.983444796381498954e+00
9.099999999999998368e-02 2.992927558907338970e+00
9.199999999999998457e-02 2.969032251801190014e+00
9.299999999999999933e-02 3.021624849374978439e+00
9.400000000000001410e-02 3.030933265707849156e+00
9.500000000000002887e-02 3.049224407798059477e+00
9.600000000000004363e-02 3.055167480300103655e+00
9.700000000000005840e-02 3.011766480533994539e+00
9.799999999999990663e-02 3.031108829966068896e+00
9.900000000000008793e-02 3.015413560063356258e+00
9.999999999999993616e-02 2.946390474343000054e+00
1.009999999999999509e-01 2.981011568543737944e+00
1.019999999999999657e-01 2.955210723118173455e+00
1.029999999999999805e-01 2.953846827987794743e+00
1.039999999999999952e-01 2.966991405048595265e+00
1.050000000000000100e-01 2.938673157470950592e+00
1.060000000000000248e-01 2.969110047719148326e+00
1.070000000000000395e-01 2.932310720093311396e+00
1.080000000000000404e-01 2.918597107814631997e+00
1.090000000000000552e-01 2.878083163695364988e+00
1.100000000000000699e-01 2.911373989444811627e+00
1.109999999999999321e-01 2.901265173869368219e+00
1.119999999999999329e-01 2.895130019703116009e+00
1.129999999999999477e-01 2.870005093842679322e+00
1.139999999999999625e-01 2.860017666569820260e+00
1.150000000000000050e-01 2.819167215061074927e+00
1.159999999999999920e-01 2.789821893344148762e+00
1.170000000000000068e-01 2.733788432725258399e+00
1.180000000000000215e-01 2.744562594785886933e+00
1.190000000000000363e-01 2.694968281654857023e+00
1.200000000000000372e-01 2.651604134454915052e+00
1.210000000000000936e-01 2.671360260469292758e+00
1.219999999999999141e-01 2.642202362428280438e+00
1.229999999999999566e-01 2.645423430985558877e+00
1.239999999999999436e-01 2.644377676522812859e+00
1.249999999999999584e-01 2.569403250228186053e+00
1.259999999999999731e-01 2.619504803646447222e+00
1.269999999999999740e-01 2.586803642580044915e+00
1.280000000000000027e-01 2.582203477129924707e+00
1.290000000000000313e-01 2.624176542796858858e+00
1.300000000000000322e-01 2.586717127617522483e+00
1.310000000000000331e-01 2.615214592590019649e+00
1.320000000000000617e-01 2.613358988157225671e+00
1.330000000000000626e-01 2.573159103027701899e+00
1.340000000000000635e-01 2.569233441981258359e+00
1.349999999999999256e-01 2.521897664016794494e+00
1.359999999999999543e-01 2.525940257123776345e+00
1.369999999999999551e-01 2.531954491676922103e+00
1.379999999999999838e-01 2.502060776476386916e+00
1.389999999999999847e-01 2.518867748334626455e+00
1.400000000000000133e-01 2.506514097685557996e+00
1.410000000000000142e-01 2.477535396347756880e+00
1.420000000000000429e-01 2.465308145868179146e+00
1.430000000000000715e-01 2.470172526757135500e+00
1.439999999999999059e-01 2.493762787607518572e+00
1.450000000000000733e-01 2.448508744188536035e+00
1.459999999999999354e-01 2.452145249030554641e+00
1.469999999999999363e-01 2.398166229898544000e+00
1.479999999999999649e-01 2.402771989191918589e+00
1.489999999999999658e-01 2.366489182420872250e+00
1.499999999999999944e-01 2.354892068309727193e+00
1.509999999999999676e-01 2.306855681737733477e+00
1.520000000000000240e-01 2.359006443280321719e+00
1.530000000000000249e-01 2.358542062761145086e+00
1.540000000000000535e-01 2.339692982411096356e+00
1.550000000000000544e-01 2.320457743172220422e+00
1.560000000000000553e-01 2.339004163519684099e+00
1.569999999999999174e-01 2.318467420797111433e+00
1.579999999999999460e-01 2.338406179575365673e+00
1.589999999999999192e-01 2.305965512351927593e+00
1.599999999999999478e-01 2.305603734025421847e+00
1.609999999999999765e-01 2.331968429770587381e+00
1.619999999999999774e-01 2.343676883994468163e+00
1.630000000000000060e-01 2.309801081522452559e+00
1.640000000000000069e-01 2.325327633420627649e+00
1.650000000000000078e-01 2.324428262214756735e+00
1.660000000000000364e-01 2.348871947288186490e+00
1.670000000000000651e-01 2.272045546740434574e+00
1.679999999999999272e-01 2.245862286618116155e+00
1.689999999999999281e-01 2.209138749824524517e+00
1.699999999999999289e-01 2.253134908732214114e+00
1.709999999999999576e-01 2.214911296663961693e+00
1.719999999999999585e-01 2.234552260128018109e+00
1.729999999999999594e-01 2.254362232566684554e+00
1.740000000000000158e-01 2.225760031767715752e+00
1.750000000000000167e-01 2.191254509899211556e+00
1.760000000000000175e-01 2.168699381119350011e+00
1.770000000000000462e-01 2.160836181447518101e+00
1.780000000000000471e-01 2.179964258943708710e+00
1.790000000000000480e-01 2.150160934714202998e+00
1.799999999999999933e-01 2.167678383533541808e+00
1.810000000000000220e-01 2.176036028498098407e+00
1.819999999999999951e-01 2.201028645408758422e+00
1.829999999999999682e-01 2.181510371835719386e+00
1.839999999999999691e-01 2.141889344933175288e+00
1.849999999999999978e-01 2.170574778358630219e+00
1.859999999999999987e-01 2.117367261070874473e+00
1.869999999999999996e-01 2.158112828946439965e+00
1.880000000000000282e-01 2.147057300353995668e+00
1.890000000000000291e-01 2.103437833535729329e+00
1.899999999999999745e-01 2.125291227483206757e+00
1.909999999999999754e-01 2.075017234791802778e+00
1.920000000000000040e-01 2.088013161846260957e+00
1.929999999999999216e-01 2.131233319886093103e+00
1.939999999999999503e-01 2.144304546759938201e+00
1.949999999999999512e-01 2.140836949437520786e+00
1.959999999999999798e-01 2.159062089459205858e+00
1.969999999999999807e-01 2.135570338527850609e+00
1.980000000000000093e-01 2.142341766596219887e+00
1.990000000000000102e-01 2.124742274974783296e+00
2.000000000000000389e-01 2.136949102592210714e+00
