0.000000000000000000e+00 -9.019897478091967735e-02
9.999999999999507980e-04 -5.406455618847003791e-02
2.000000000000064226e-03 -1.327212602531643165e-02
3.000000000000014808e-03 2.001141657606237897e-02
3.999999999999965389e-03 7.772944768633409385e-02
5.000000000000079034e-03 8.940835575964124760e-02
6.000000000000029615e-03 1.476606497578923094e-01
6.999999999999980196e-03 1.865684270407727274e-01
7.999999999999930778e-03 2.099848710879321234e-01
9.000000000000044423e-03 2.716825367813103242e-01
9.999999999999993269e-03 3.069582426732831437e-01
1.099999999999994732e-02 3.452498176391712859e-01
1.200000000000005923e-02 3.657344655262199651e-01
1.300000000000000981e-02 4.080644635101870477e-01
1.399999999999996039e-02 4.181459370796488106e-01
1.500000000000007057e-02 4.663915829332609952e-01
1.600000000000002462e-02 5.196922934046751541e-01
1.699999999999997694e-02 5.257763236070519541e-01
1.799999999999992578e-02 5.857129072073857801e-01
1.900000000000004116e-02 5.963128459076346699e-01
1.999999999999998654e-02 6.220513038420554253e-01
2.099999999999994232e-02 6.991919715164047755e-01
2.200000000000005423e-02 7.095164472773930475e-01
2.300000000000000655e-02 7.613673751724225891e-01
2.399999999999995540e-02 7.875909382658260460e-01
2.500000000000007078e-02 8.092101093332761952e-01
2.600000000000001962e-02 8.556482547398270855e-01
2.699999999999997194e-02 8.947732426126800975e-01
2.800000000000008385e-02 9.391600873030507834e-01
2.900000000000003963e-02 9.687783478167321105e-01
2.999999999999998501e-02 9.803754079215206696e-01
3.099999999999993733e-02 1.036782633883458926e+00
3.200000000000004924e-02 1.054003030660215279e+00
3.300000000000000155e-02 1.089417456358698244e+00
3.399999999999995387e-02 1.135209939340348750e+00
3.500000000000005884e-02 1.160056481011229934e+00
3.600000000000001810e-02 1.186955367447973586e+00
3.699999999999996347e-02 1.223836701184532583e+00
3.800000000000008232e-02 1.247516731164355130e+00
3.900000000000002770e-02 1.314859733888618321e+00
3.999999999999997308e-02 1.325276845077363097e+00
4.099999999999993233e-02 1.356435430737541692e+00
4.200000000000004424e-02 1.386828876261849697e+00
4.299999999999999656e-02 1.398415314902351270e+00
4.399999999999994887e-02 1.429008604451005304e+00
4.500000000000006078e-02 1.472050193418815711e+00
4.600000000000001310e-02 1.507793624857157067e+00
4.699999999999995848e-02 1.545888321002909072e+00
4.800000000000007733e-02 1.578477896303956518e+00
4.900000000000002270e-02 1.597679688537266163e+00
4.999999999999997502e-02 1.635974658911121926e+00
5.099999999999992734e-02 1.632268199812082266e+00
5.200000000000003925e-02 1.706960285545008116e+00
5.299999999999999156e-02 1.725175792952286846e+00
5.399999999999994388e-02 1.737216135291118180e+00
5.500000000000005579e-02 1.761924190425190329e+00
5.600000000000000810e-02 1.813385712868208932e+00
5.699999999999995348e-02 1.849145567930384093e+00
5.800000000000007927e-02 1.859824618510126815e+00
5.900000000000001771e-02 1.910224020923095845e+00
5.999999999999997002e-02 1.929464191658049277e+00
6.100000000000008193e-02 2.000924942848958388e+00
6.200000000000003425e-02 2.011363560248957238e+00
6.300000000000000044e-02 2.020076821431308733e+00
6.399999999999993194e-02 2.037661195968509809e+00
6.500000000000004385e-02 2.080208719102233150e+00
6.600000000000000311e-02 2.094782328008547800e+00
6.699999999999994849e-02 2.187209890829230119e+00
6.800000000000006040e-02 2.169491355589060699e+00
6.900000000000001965e-02 2.219782571688572848e+00
6.999999999999996503e-02 2.243313294000405467e+00
7.100000000000007694e-02 2.284049969268424629e+00
7.200000000000003619e-02 2.316713370509525749e+00
7.299999999999998157e-02 2.318538467218328236e+00
7.399999999999992695e-02 2.356389180812660022e+00
7.500000000000003886e-02 2.356261367054466760e+00
7.599999999999999811e-02 2.412203418304264435e+00
7.699999999999994349e-02 2.416866389632917667e+00
7.800000000000005540e-02 2.460060957291514416e+00
7.900000000000001465e-02 2.465266740191931927e+00
7.999999999999994615e-02 2.522271676514632688e+00
8.100000000000007194e-02 2.509310032096688126e+00
8.200000000000003120e-02 2.487893699777468548e+00
8.299999999999997657e-02 2.520402594038235300e+00
8.400000000000008848e-02 2.543174880905373136e+00
8.500000000000003386e-02 2.553302237425999710e+00
8.599999999999999312e-02 2.551046112813953215e+00
8.699999999999995237e-02 2.557888734579174983e+00
8.800000000000005040e-02 2.591617010857166115e+00
8.900000000000000966e-02 2.592707994221997936e+00
8.999999999999995504e-02 2.600526831778801284e+00
9.100000000000006695e-02 2.642739303344615820e+00
9.200000000000002620e-02 2.638404159548179972e+00
9.299999999999997158e-02 2.659220077860410036e+00
9.399999999999991696e-02 2.599838807572814936e+00
9.500000000000002887e-02 2.639263354705137843e+00
9.599999999999998812e-02 2.661747108592797506e+00
9.699999999999993350e-02 2.697504877778885479e+00
9.800000000000004541e-02 2.700161356025805759e+00
9.900000000000000466e-02 2.701184023336598461e+00
9.999999999999995004e-02 2.701573308654757977e+00
1.010000000000000620e-01 2.676901351786607819e+00
1.020000000000000212e-01 2.708427479488501266e+00
1.029999999999999666e-01 2.723716517462182463e+00
1.040000000000000785e-01 2.690032664902675563e+00
1.050000000000000239e-01 2.685244418021297985e+00
1.059999999999999831e-01 2.693761815084244393e+00
1.070000000000000950e-01 2.675956799520315066e+00
1.080000000000000404e-01 2.647250187425163492e+00
1.089999999999999997e-01 2.660509825408886808e+00
1.100000000000001116e-01 2.676612403749127012e+00
1.110000000000000570e-01 2.660911202745767312e+00
1.120000000000000162e-01 2.681408005238548053e+00
1.129999999999999616e-01 2.666783016900553527e+00
1.140000000000000735e-01 2.661884747471249035e+00
1.150000000000000189e-01 2.660735183356937927e+00
1.159999999999999781e-01 2.675498543459408740e+00
1.169999999999999235e-01 2.655421799230523128e+00
1.180000000000000354e-01 2.656579260139357856e+00
1.189999999999999947e-01 2.615807364343693653e+00
1.199999999999999400e-01 2.602898071714071282e+00
1.210000000000000520e-01 2.620334386638793145e+00
1.220000000000000112e-01 2.592838558000913451e+00
1.229999999999999566e-01 2.574682439070975271e+00
1.240000000000000685e-01 2.561983753097952565e+00
1.250000000000000278e-01 2.559487114594777513e+00
1.260000000000000009e-01 2.576924967736679672e+00
1.270000000000000850e-01 2.527812445212706649e+00
1.280000000000000304e-01 2.538267973501262098e+00
1.289999999999999758e-01 2.491964717895109427e+00
1.300000000000000877e-01 2.498461139391695784e+00
1.310000000000000331e-01 2.521410222086133857e+00
1.320000000000000062e-01 2.482172795890800643e+00
1.330000000000001459e-01 2.485374028315164630e+00
1.340000000000000635e-01 2.476271567536902474e+00
1.350000000000000089e-01 2.463476245938830189e+00
1.359999999999999543e-01 2.433553196405893626e+00
1.370000000000000662e-01 2.416678347690393913e+00
1.380000000000000393e-01 2.419091351252100175e+00
1.389999999999999847e-01 2.444084169974160226e+00
1.399999999999999301e-01 2.389122219963188520e+00
1.410000000000000420e-01 2.361209442430013183e+00
1.419999999999999873e-01 2.341767880563647708e+00
1.429999999999999605e-01 2.336891860637679841e+00
1.440000000000000724e-01 2.340858595564208056e+00
1.450000000000000178e-01 2.361106066031162243e+00
1.459999999999999631e-01 2.315269785658187640e+00
1.470000000000001028e-01 2.302120337004030404e+00
1.479999999999999927e-01 2.259328070036199954e+00
1.489999999999999658e-01 2.252852337320898624e+00
1.500000000000000777e-01 2.216707686894025642e+00
1.510000000000000508e-01 2.151834762839967663e+00
1.519999999999999962e-01 2.150769514928227100e+00
1.530000000000001081e-01 2.136111327941756954e+00
1.540000000000000535e-01 2.114423592963121656e+00
1.549999999999999989e-01 2.113951576836326396e+00
1.559999999999999443e-01 2.106165107688588556e+00
1.570000000000000562e-01 2.077958080813866459e+00
1.580000000000000293e-01 2.081791739161720223e+00
1.589999999999999747e-01 2.054257707792348064e+00
1.600000000000000866e-01 2.035925928360046377e+00
1.610000000000000320e-01 2.056335113958548177e+00
1.620000000000000051e-01 2.053790501318453643e+00
1.629999999999999505e-01 2.093491079853740278e+00
1.640000000000000624e-01 2.071994900425867758e+00
1.650000000000000078e-01 2.045562637471463940e+00
1.659999999999999531e-01 2.031502017944764038e+00
1.670000000000000373e-01 2.064577044323071764e+00
1.680000000000000104e-01 2.003173911038713673e+00
1.689999999999999558e-01 1.944746463507444068e+00
1.700000000000000677e-01 1.988352516272384296e+00
1.710000000000000409e-01 1.957064435216054887e+00
1.719999999999999862e-01 1.945409528131751831e+00
1.730000000000000981e-01 1.924567353746881926e+00
1.740000000000000435e-01 1.932212848155708818e+00
1.749999999999999889e-01 1.914558080166282705e+00
1.760000000000001008e-01 1.935410964803911504e+00
1.770000000000000462e-01 1.960239775836515763e+00
1.780000000000000193e-01 1.910760675748446769e+00
1.789999999999999369e-01 1.934502816867745167e+00
1.800000000000000766e-01 1.919715543960007986e+00
1.809999999999999942e-01 1.884648660755276151e+00
1.819999999999999674e-01 1.941406040095321250e+00
1.830000000000000793e-01 1.922652411406004624e+00
1.840000000000000524e-01 1.909175302803930219e+00
1.849999999999999978e-01 1.925067244778964737e+00
1.860000000000000264e-01 1.956961964014606759e+00
1.870000000000000551e-01 1.926557223294972365e+00
1.880000000000000004e-01 1.942204066210193369e+00
1.889999999999999458e-01 1.953256185389191657e+00
1.900000000000000577e-01 1.954545829438525173e+00
1.910000000000000309e-01 1.985363815979831470e+00
1.919999999999999762e-01 1.976589420216889437e+00
1.930000000000000049e-01 1.951328484646643879e+00
1.940000000000000335e-01 1.945065578573581755e+00
1.949999999999999789e-01 1.991095008974025138e+00
1.960000000000000075e-01 1.965602853266137817e+00
1.970000000000000639e-01 2.016771322927079613e+00
1.980000000000000093e-01 2.050160479821434123e+00
1.990000000000000380e-01 2.039967017375045710e+00
2.000000000000000666e-01 2.062335615421679424e+00
