# xlin
-2.004570000000000007e+01
-1.889154927536231909e+01
-1.773739855072463811e+01
-1.658324782608695713e+01
-1.542909710144927615e+01
-1.427494637681159517e+01
-1.312079565217391419e+01
-1.196664492753623321e+01
-1.081249420289855223e+01
-9.658343478260871251e+00
-8.504192753623190271e+00
-7.350042028985509290e+00
-6.195891304347828310e+00
-5.041740579710147330e+00
-3.887589855072466349e+00
-2.733439130434785369e+00
-1.579288405797104389e+00
-4.251376811594234084e-01
7.290130434782575719e-01
1.883163768115938552e+00
3.037314492753619533e+00
4.191465217391300513e+00
5.345615942028981493e+00
6.499766666666662474e+00
7.653917391304343454e+00
8.808068115942024434e+00
9.962218840579705414e+00
1.111636956521738639e+01
1.227052028985506738e+01
1.342467101449274836e+01
1.457882173913042934e+01
1.573297246376811032e+01
1.688712318840579130e+01
1.804127391304347228e+01
1.919542463768115326e+01
2.034957536231883424e+01
2.150372608695651522e+01
2.265787681159419620e+01
2.381202753623187718e+01
2.496617826086955816e+01
2.612032898550723914e+01
2.727447971014492012e+01
2.842863043478260110e+01
2.958278115942028208e+01
3.073693188405796306e+01
3.189108260869564404e+01
3.304523333333332857e+01
3.419938405797100245e+01
3.535353478260869053e+01
3.650768550724636441e+01
3.766183623188405249e+01
3.881598695652172637e+01
3.997013768115941446e+01
4.112428840579708833e+01
4.227843913043477642e+01
4.343258985507245029e+01
4.458674057971013838e+01
4.574089130434781225e+01
4.689504202898550034e+01
4.804919275362318842e+01
4.920334347826086230e+01
5.035749420289853617e+01
5.151164492753622426e+01
5.266579565217391234e+01
5.381994637681158622e+01
5.497409710144926009e+01
5.612824782608694818e+01
5.728239855072463627e+01
5.843654927536231014e+01
