# Strain,n0,n1,n2,n3,n4
0.0 50220.0 3.0 17.0 8.0 440.0
0.000999999999999938 50203.0 4.0 18.0 7.0 456.0
0.0020000000000000386 50265.0 1.0 13.0 10.0 399.0
0.0029999999999999766 50216.0 3.0 16.0 3.0 450.0
0.004000000000000077 50195.0 5.0 23.0 5.0 460.0
0.005000000000000016 50215.0 4.0 14.0 7.0 448.0
0.005999999999999953 50210.0 2.0 25.0 7.0 444.0
0.007000000000000054 50222.0 4.0 18.0 6.0 438.0
0.007999999999999991 50262.0 4.0 19.0 5.0 398.0
0.00899999999999993 50236.0 3.0 17.0 5.0 427.0
0.010000000000000031 50201.0 6.0 19.0 3.0 459.0
0.010999999999999968 50197.0 3.0 24.0 4.0 460.0
0.01200000000000007 50179.0 4.0 23.0 8.0 474.0
0.013000000000000008 50231.0 8.0 22.0 5.0 422.0
0.013999999999999945 50225.0 2.0 16.0 7.0 438.0
0.015000000000000045 50226.0 3.0 24.0 2.0 433.0
0.015999999999999983 50232.0 4.0 17.0 4.0 431.0
0.01699999999999992 50259.0 3.0 19.0 8.0 399.0
0.018000000000000023 50229.0 3.0 14.0 7.0 435.0
0.01899999999999996 50199.0 6.0 22.0 5.0 456.0
0.020000000000000063 50216.0 4.0 18.0 3.0 447.0
0.021 50215.0 3.0 13.0 7.0 450.0
0.021999999999999936 50235.0 6.0 17.0 7.0 423.0
0.023000000000000038 50231.0 3.0 17.0 2.0 435.0
0.023999999999999976 50207.0 1.0 20.0 8.0 452.0
0.025000000000000078 50258.0 5.0 17.0 5.0 403.0
0.026000000000000016 50237.0 1.0 23.0 6.0 421.0
0.026999999999999955 50223.0 5.0 16.0 5.0 439.0
0.028000000000000053 50227.0 5.0 20.0 3.0 433.0
0.028999999999999988 50248.0 1.0 14.0 7.0 418.0
0.02999999999999993 50212.0 6.0 20.0 2.0 448.0
0.03100000000000003 50260.0 2.0 22.0 2.0 402.0
0.031999999999999966 50248.0 7.0 18.0 6.0 409.0
0.03300000000000007 50248.0 4.0 16.0 2.0 418.0
0.03400000000000001 50202.0 3.0 21.0 3.0 459.0
0.03499999999999995 50225.0 4.0 19.0 3.0 437.0
0.036000000000000046 50204.0 2.0 20.0 2.0 460.0
0.03699999999999999 50237.0 3.0 17.0 5.0 426.0
0.03800000000000009 50260.0 4.0 26.0 6.0 392.0
0.03900000000000002 50204.0 4.0 19.0 6.0 455.0
0.03999999999999996 50255.0 5.0 16.0 4.0 408.0
0.041000000000000064 50250.0 4.0 19.0 6.0 409.0
0.042 50218.0 3.0 21.0 3.0 443.0
0.04299999999999994 50237.0 3.0 19.0 8.0 421.0
0.04400000000000004 50238.0 3.0 16.0 4.0 427.0
0.04499999999999998 50269.0 2.0 19.0 7.0 391.0
0.046000000000000076 50241.0 3.0 27.0 6.0 411.0
0.047000000000000014 50281.0 5.0 23.0 3.0 376.0
0.04799999999999995 50268.0 4.0 23.0 3.0 390.0
0.04900000000000005 50248.0 6.0 17.0 7.0 410.0
0.04999999999999999 50221.0 2.0 23.0 9.0 433.0
0.05099999999999993 50252.0 4.0 19.0 5.0 408.0
0.05200000000000003 50239.0 7.0 21.0 5.0 416.0
0.05299999999999997 50236.0 1.0 24.0 4.0 423.0
0.05400000000000007 50253.0 7.0 22.0 5.0 401.0
0.05500000000000001 50263.0 3.0 18.0 3.0 401.0
0.055999999999999946 50203.0 3.0 18.0 9.0 455.0
0.057000000000000044 50259.0 6.0 18.0 5.0 400.0
0.057999999999999975 50261.0 1.0 16.0 4.0 406.0
0.05899999999999992 50243.0 4.0 17.0 6.0 418.0
0.060000000000000026 50250.0 2.0 24.0 5.0 407.0
0.060999999999999964 50252.0 3.0 25.0 6.0 402.0
0.06200000000000006 50266.0 4.0 12.0 8.0 398.0
0.063 50282.0 5.0 17.0 4.0 380.0
0.06399999999999993 50252.0 3.0 21.0 7.0 405.0
0.06500000000000004 50271.0 5.0 22.0 3.0 387.0
0.06599999999999999 50267.0 4.0 17.0 5.0 395.0
0.06700000000000007 50308.0 3.0 21.0 10.0 346.0
0.06800000000000002 50284.0 2.0 31.0 7.0 364.0
0.06899999999999994 50252.0 3.0 20.0 5.0 408.0
0.07000000000000005 50253.0 3.0 22.0 5.0 405.0
0.071 50274.0 2.0 23.0 4.0 385.0
0.07199999999999993 50304.0 2.0 22.0 3.0 357.0
0.07300000000000004 50280.0 2.0 16.0 4.0 386.0
0.07399999999999998 50289.0 2.0 14.0 7.0 376.0
0.07500000000000007 50278.0 3.0 15.0 2.0 390.0
0.07600000000000001 50304.0 1.0 20.0 3.0 360.0
0.07699999999999993 50323.0 3.0 13.0 3.0 346.0
0.07800000000000004 50302.0 2.0 21.0 4.0 359.0
0.07899999999999999 50289.0 2.0 16.0 3.0 378.0
0.08000000000000008 50302.0 1.0 17.0 8.0 360.0
0.08100000000000002 50325.0 0.0 14.0 6.0 343.0
0.08199999999999998 50262.0 3.0 20.0 5.0 398.0
0.08300000000000006 50320.0 2.0 16.0 3.0 347.0
0.084 50293.0 3.0 17.0 4.0 371.0
0.08499999999999995 50294.0 4.0 13.0 0.0 377.0
0.08600000000000003 50314.0 2.0 18.0 6.0 348.0
0.08699999999999998 50324.0 2.0 15.0 2.0 345.0
0.08800000000000008 50334.0 3.0 14.0 4.0 333.0
0.08900000000000001 50330.0 6.0 13.0 5.0 334.0
0.08999999999999996 50308.0 5.0 13.0 7.0 355.0
0.09100000000000005 50307.0 4.0 16.0 2.0 359.0
0.092 50300.0 2.0 15.0 3.0 368.0
0.0930000000000001 50334.0 4.0 12.0 6.0 332.0
0.09400000000000003 50325.0 2.0 17.0 9.0 335.0
0.09499999999999997 50292.0 3.0 13.0 7.0 373.0
0.09600000000000007 50329.0 3.0 19.0 1.0 336.0
0.097 50329.0 1.0 15.0 10.0 333.0
0.09799999999999995 50345.0 4.0 22.0 3.0 314.0
0.09900000000000005 50329.0 6.0 14.0 8.0 331.0
0.09999999999999998 50337.0 4.0 19.0 3.0 325.0
0.10099999999999992 50344.0 1.0 17.0 1.0 325.0
0.10200000000000002 50332.0 2.0 11.0 5.0 338.0
0.10299999999999997 50363.0 3.0 16.0 7.0 299.0
0.10400000000000006 50315.0 2.0 19.0 9.0 343.0
0.105 50332.0 2.0 24.0 10.0 320.0
0.1060000000000001 50346.0 2.0 13.0 8.0 319.0
0.10700000000000004 50350.0 1.0 16.0 6.0 315.0
0.10799999999999997 50371.0 0.0 15.0 5.0 297.0
0.10900000000000008 50352.0 0.0 14.0 8.0 314.0
0.11000000000000001 50331.0 3.0 14.0 7.0 333.0
0.11099999999999995 50335.0 3.0 20.0 8.0 322.0
0.11200000000000006 50367.0 1.0 13.0 8.0 299.0
0.11299999999999999 50351.0 3.0 15.0 13.0 306.0
0.11399999999999993 50375.0 3.0 14.0 7.0 289.0
0.11500000000000003 50355.0 0.0 14.0 8.0 311.0
0.11599999999999995 50347.0 4.0 16.0 7.0 314.0
0.11700000000000006 50369.0 2.0 18.0 8.0 291.0
0.11800000000000002 50361.0 3.0 19.0 7.0 298.0
0.11899999999999994 50311.0 4.0 20.0 11.0 342.0
0.12000000000000005 50335.0 4.0 14.0 4.0 331.0
0.12099999999999998 50383.0 3.0 17.0 9.0 276.0
0.12200000000000008 50355.0 6.0 20.0 7.0 300.0
0.12300000000000003 50360.0 3.0 16.0 5.0 304.0
0.12399999999999994 50361.0 7.0 24.0 6.0 290.0
0.12500000000000006 50348.0 3.0 16.0 7.0 314.0
0.126 50374.0 4.0 13.0 7.0 290.0
0.12699999999999995 50377.0 4.0 11.0 9.0 287.0
0.12800000000000003 50375.0 3.0 15.0 8.0 287.0
0.12899999999999998 50365.0 4.0 15.0 16.0 288.0
0.1300000000000001 50367.0 3.0 15.0 5.0 298.0
0.131 50333.0 2.0 21.0 4.0 328.0
0.13199999999999998 50372.0 5.0 11.0 7.0 293.0
0.13300000000000006 50379.0 2.0 15.0 8.0 284.0
0.13399999999999998 50376.0 2.0 18.0 5.0 287.0
0.1350000000000001 50350.0 10.0 15.0 7.0 306.0
0.13600000000000004 50346.0 4.0 17.0 8.0 313.0
0.13699999999999996 50392.0 8.0 23.0 4.0 261.0
0.13800000000000007 50374.0 6.0 21.0 6.0 281.0
0.139 50326.0 10.0 23.0 4.0 325.0
0.13999999999999996 50375.0 4.0 17.0 4.0 288.0
0.14100000000000004 50366.0 3.0 25.0 9.0 285.0
0.142 50366.0 5.0 17.0 3.0 297.0
0.14299999999999993 50403.0 3.0 20.0 7.0 255.0
0.14400000000000002 50384.0 4.0 20.0 3.0 277.0
0.14499999999999996 50402.0 3.0 18.0 3.0 262.0
0.14600000000000007 50369.0 6.0 16.0 5.0 292.0
0.147 50407.0 3.0 17.0 6.0 255.0
0.14799999999999996 50373.0 5.0 24.0 6.0 280.0
0.14900000000000005 50349.0 3.0 18.0 6.0 312.0
0.14999999999999997 50366.0 4.0 33.0 10.0 275.0
0.15100000000000005 50366.0 2.0 21.0 6.0 293.0
0.15200000000000002 50350.0 6.0 26.0 5.0 301.0
0.15299999999999994 50366.0 3.0 24.0 4.0 291.0
0.15400000000000005 50365.0 4.0 16.0 3.0 300.0
0.155 50355.0 5.0 19.0 5.0 304.0
0.15599999999999994 50392.0 3.0 13.0 4.0 276.0
0.15700000000000003 50357.0 7.0 20.0 4.0 300.0
0.15799999999999997 50358.0 2.0 25.0 7.0 296.0
0.15900000000000006 50373.0 3.0 33.0 7.0 272.0
0.16 50379.0 0.0 27.0 9.0 273.0
0.16100000000000012 50391.0 5.0 26.0 7.0 259.0
0.16200000000000003 50338.0 5.0 27.0 4.0 314.0
0.16299999999999998 50393.0 4.0 21.0 4.0 266.0
0.1640000000000001 50379.0 4.0 13.0 4.0 288.0
0.16500000000000004 50357.0 8.0 23.0 2.0 298.0
0.16599999999999995 50376.0 2.0 24.0 5.0 281.0
0.16700000000000004 50370.0 4.0 15.0 7.0 292.0
0.168 50388.0 3.0 18.0 8.0 271.0
0.16899999999999993 50372.0 7.0 21.0 1.0 287.0
0.17000000000000004 50386.0 5.0 26.0 6.0 265.0
0.17099999999999999 50406.0 1.0 17.0 6.0 258.0
0.1719999999999999 50375.0 3.0 21.0 6.0 283.0
0.17300000000000001 50398.0 1.0 15.0 8.0 266.0
0.17399999999999996 50362.0 5.0 29.0 4.0 288.0
0.17500000000000004 50345.0 3.0 25.0 6.0 309.0
0.176 50398.0 2.0 19.0 8.0 261.0
0.1770000000000001 50381.0 2.0 20.0 1.0 284.0
0.17800000000000002 50383.0 6.0 21.0 6.0 272.0
0.17899999999999996 50376.0 6.0 28.0 5.0 273.0
0.18000000000000008 50384.0 2.0 29.0 9.0 264.0
0.181 50377.0 4.0 25.0 3.0 279.0
0.18199999999999994 50385.0 5.0 25.0 3.0 270.0
0.18300000000000002 50370.0 6.0 22.0 4.0 286.0
0.184 50392.0 5.0 21.0 2.0 268.0
0.185 50387.0 4.0 23.0 7.0 267.0
0.18600000000000003 50364.0 3.0 17.0 4.0 300.0
0.18699999999999997 50394.0 5.0 21.0 4.0 264.0
0.18799999999999997 50388.0 7.0 17.0 3.0 273.0
0.189 50403.0 8.0 16.0 4.0 257.0
0.19000000000000003 50376.0 7.0 15.0 1.0 289.0
0.19100000000000003 50408.0 6.0 20.0 5.0 249.0
0.19199999999999998 50381.0 9.0 20.0 6.0 272.0
0.193 50391.0 2.0 19.0 5.0 271.0
0.194 50415.0 3.0 27.0 3.0 240.0
0.19499999999999995 50399.0 6.0 19.0 3.0 261.0
0.19600000000000006 50376.0 3.0 29.0 3.0 277.0
0.19699999999999998 50376.0 3.0 20.0 4.0 285.0
0.198 50377.0 6.0 21.0 6.0 278.0
0.19900000000000004 50381.0 4.0 21.0 4.0 278.0
0.19999999999999996 50393.0 5.0 27.0 2.0 261.0
