# xlin
-4.013405092020000353e+01
-3.897074509642609286e+01
-3.780743927265217508e+01
-3.664413344887826440e+01
-3.548082762510435373e+01
-3.431752180133043595e+01
-3.315421597755652527e+01
-3.199091015378261105e+01
-3.082760433000869682e+01
-2.966429850623478615e+01
-2.850099268246087192e+01
-2.733768685868695769e+01
-2.617438103491304702e+01
-2.501107521113913279e+01
-2.384776938736521856e+01
-2.268446356359130789e+01
-2.152115773981739366e+01
-2.035785191604347943e+01
-1.919454609226956876e+01
-1.803124026849565453e+01
-1.686793444472174031e+01
-1.570462862094782963e+01
-1.454132279717391540e+01
-1.337801697340000118e+01
-1.221471114962609050e+01
-1.105140532585217628e+01
-9.888099502078262049e+00
-8.724793678304347821e+00
-7.561487854530433594e+00
-6.398182030756522920e+00
-5.234876206982612246e+00
-4.071570383208694466e+00
-2.908264559434783791e+00
-1.744958735660873117e+00
-5.816529118869553372e-01
5.816529118869553372e-01
1.744958735660866012e+00
2.908264559434783791e+00
4.071570383208694466e+00
5.234876206982605140e+00
6.398182030756522920e+00
7.561487854530433594e+00
8.724793678304344269e+00
9.888099502078262049e+00
1.105140532585217272e+01
1.221471114962608340e+01
1.337801697340000118e+01
1.454132279717391185e+01
1.570462862094782253e+01
1.686793444472174031e+01
1.803124026849565098e+01
1.919454609226956876e+01
2.035785191604347943e+01
2.152115773981739011e+01
2.268446356359130789e+01
2.384776938736521856e+01
2.501107521113913634e+01
2.617438103491304702e+01
2.733768685868695769e+01
2.850099268246086837e+01
2.966429850623477904e+01
3.082760433000868971e+01
3.199091015378261460e+01
3.315421597755652527e+01
3.431752180133043595e+01
3.548082762510434662e+01
3.664413344887825730e+01
3.780743927265218218e+01
3.897074509642609286e+01
