# xlin
-3.997323891660000328e+01
-3.881459431032174479e+01
-3.765594970404347919e+01
-3.649730509776522069e+01
-3.533866049148696220e+01
-3.418001588520869660e+01
-3.302137127893043811e+01
-3.186272667265217606e+01
-3.070408206637391402e+01
-2.954543746009565197e+01
-2.838679285381738993e+01
-2.722814824753913143e+01
-2.606950364126086939e+01
-2.491085903498260734e+01
-2.375221442870434885e+01
-2.259356982242608680e+01
-2.143492521614782476e+01
-2.027628060986956271e+01
-1.911763600359130066e+01
-1.795899139731304217e+01
-1.680034679103478013e+01
-1.564170218475651808e+01
-1.448305757847825959e+01
-1.332441297219999754e+01
-1.216576836592173549e+01
-1.100712375964347345e+01
-9.848479153365211403e+00
-8.689834547086952909e+00
-7.531189940808694416e+00
-6.372545334530428818e+00
-5.213900728252170325e+00
-4.055256121973904726e+00
-2.896611515695646233e+00
-1.737966909417387740e+00
-5.793223031391221411e-01
5.793223031391363520e-01
1.737966909417401951e+00
2.896611515695660444e+00
4.055256121973918937e+00
5.213900728252184535e+00
6.372545334530443029e+00
7.531189940808701522e+00
8.689834547086967120e+00
9.848479153365225613e+00
1.100712375964348411e+01
1.216576836592174971e+01
1.332441297220000820e+01
1.448305757847827380e+01
1.564170218475653229e+01
1.680034679103479078e+01
1.795899139731305638e+01
1.911763600359131487e+01
2.027628060986958047e+01
2.143492521614783897e+01
2.259356982242609746e+01
2.375221442870436306e+01
2.491085903498261445e+01
2.606950364126088715e+01
2.722814824753914564e+01
2.838679285381740414e+01
2.954543746009566263e+01
3.070408206637392112e+01
3.186272667265219383e+01
3.302137127893045232e+01
3.418001588520871081e+01
3.533866049148696931e+01
3.649730509776522780e+01
3.765594970404350050e+01
3.881459431032175900e+01
